0.0	0.017599461785071564	0.00020168686324248844	0.01772917277968362	0.0073323055603690636	0.032183181253224044	0.007331804348993824	0.01745473841298427	0.018769574986966363	0.017314524200124155	1.8631868064835542e-6	5.086805460264814e-6	3.4749959032690895e-6	6.698615025122495e-6	3.4749963624083164e-6	0.017318859895803725	1.5118115807652243e-6	0.0173194817640855	1.5118095661923307e-6	0.017417103489638285	0.0
0.0	0.01756741169836884	0.017671509933694183	0.01729540701689349	0.12259194873254028	0.01698969104031105	8.948831821579582e-5	0.0176795127360171	1.3480472027122363e-5	0.056335634051344716	2.095802607153613e-5	0.05485817843499016	0.022619343921438998	0.05517977879465187	0.02187505337086431	0.10773295768528354	0.0046273586220500025	0.023074990881237982	0.006280964344794454	0.01835902479983522	0.0
0.0	0.00011056616373455739	1.5118214238633256e-6	0.017170753805571575	0.10599332368005018	0.01704197460254526	0.017798635940199783	0.017382455704654548	0.0008535509071358844	0.018416069757551952	0.0008566676441133261	0.055735850211518084	0.06682670595574271	0.05458201391516304	0.10389114079834902	0.01777680513880506	0.03667235089917405	0.017439619002903407	0.21698882263444547	0.22600663222338924	0.0
0.0	0.10679920145829562	1.0635569895243473e-5	0.00034991736585499245	0.01745526467799319	0.051683515883591116	0.3586307861250991	0.0002954249313135772	0.693099282110107	0.6931468407984335	0.6931645378501975	0.03111056557908417	8.375152426502223e-5	0.0003900167989472911	8.185096405049815e-5	0.0003030478169388703	0.01735268626325671	0.05585106057418156	3.6867860220358696e-6	0.00028652933752387186	0.0
0.0	0.05526040269044896	0.05567937693887017	9.293090102899532e-5	0.01862977977294389	0.00010635557551494219	0.019187753917454357	0.017313320893357468	0.055522190032328264	0.055448413360627856	0.055595830731003354	0.00015169782383679114	0.00041651554725768064	3.124442990391942e-6	0.0024369945625343694	1.9132601665622562e-5	0.1704227668601532	1.8269433661959655e-5	0.0174289219469783	1.5126339143730567e-6	0.0
0.0	8.309906889138705e-5	0.0009207016708276672	0.0006796841108564333	0.0006267672483900676	0.0008088571525452434	0.1622858064317603	0.00013314704776833797	0.10690769421363853	0.00010938544445847177	0.018895314130543097	1.5110471918437707e-5	0.056534546768327816	1.5141804651217513e-6	4.737635369755927e-6	7.871191305696048e-6	1.1094810008482794e-5	7.87119087900267e-6	0.00029692873249057976	6.259381739150208e-6	0.0
0.0	4.435997498118242e-6	0.019770823720945924	7.659616203779887e-6	0.0003450885847856696	0.00034186496565603505	0.0003467181597402676	3.034489489086697e-5	0.6929303443337107	0.6928268297822139	0.6931944164740732	0.007515095804200751	0.22962380632396928	0.0010326643244869217	0.10608216596968914	0.0008702351234828117	0.23120673115772492	0.0020673239875586497	0.2212930239934154	0.29176691640476793	0.0
0.0	1.7534885459478998e-6	0.00034071966078075565	2.254941844936118e-5	0.059305742281864623	0.0004883259451342027	0.05902067472124605	0.017263926366013725	0.2899995756043586	0.017737447208087002	0.16448979346357862	0.017215272993229235	0.1054993067411168	0.00041270967820610345	0.10812663349065124	0.017349172015026504	0.01772372043370199	0.017539295789123686	0.023192363674509813	0.055319071450538174	0.0
0.0	0.017360959668118996	0.018371979750828278	0.00010177497920052037	0.01845439392894982	0.00011897777785477177	0.014338130667897762	0.00041871210733071713	0.0035229731505398492	0.017455621042537613	0.018079730462106494	0.01755165959083225	0.02202318684272829	0.01726302356123521	0.10681098991980707	0.01721916952771593	0.10485842622970158	9.393461640116633e-6	0.018197251837415804	2.0841791268756675e-6	0.0
0.0	0.01744109908109146	0.01735518909744563	0.018585713436872736	0.017353145764245393	0.00028617195592490704	0.01742787187058368	1.5118401284713558e-6	0.017502439575295216	1.5118401223453581e-6	0.01750262275991852	3.4567066090830897e-6	0.01742832600274236	0.00028898963036350556	0.01750209281650098	3.406978174397641e-5	0.003598775653089624	3.406978027428709e-5	0.017423735104014546	3.406978380681767e-5	0.0
0.0	0.017254580002022617	0.05638806969609664	0.01725451353122578	5.5252574397534174e-5	0.05620479969520482	7.371750642965202e-5	0.10991313845360706	5.343454396413735e-5	0.056893235013615095	3.296181256220467e-5	0.017563340757795358	3.465190506378786e-5	0.007641192635267097	0.6646662346323468	0.6646694580403988	0.6646662345466354	0.020487457694465493	0.10557176039939255	0.017228273585203714	0.0
0.0	1.6212998557564178e-6	0.017429044570396825	3.2331089464420157e-6	0.017502316059964593	1.621299382260556e-6	0.017539356635445334	8.415486567223246e-5	0.01727978359483	0.10649037533251311	0.01726135390277981	2.277780799590734e-5	2.438961710227079e-5	1.9554188443289665e-5	3.500713245546915e-5	0.020162583673647032	0.01774280441725583	0.007779079169028218	0.025162389701176832	0.00777579955125003	0.0
0.0	0.017449529659801094	0.000322980585067888	0.01746039737032723	3.585010422841827e-5	0.017518864705641943	4.628906621033517e-6	0.10438550332777977	7.847685119256877e-6	0.017501290789162183	5.121174038271139e-6	0.0173583268103406	3.447978806049811e-6	0.017323632094196018	3.4479791972313582e-6	0.017401112804806388	4.90220789558163e-5	0.017446700048177825	4.917356140110948e-5	0.01746368410230372	0.0
0.0	0.01765469499057317	0.00036589989211381185	8.684244637682921e-5	0.05610478582265805	3.861847365040611e-6	0.0003675284426064202	8.764476156376184e-5	0.00035890384960824784	0.017200776073596418	0.10827215239166631	0.0010519845565606385	0.057487235161353616	0.0010299417952263894	3.1897325036327094e-5	0.01752045863748396	2.408614675501156e-5	0.00018921432007886534	0.017869799668581834	0.00018950146614264357	0.0
0.0	0.0010606905137357492	0.00459784258051258	0.0010606905137359344	0.0175007487724734	0.00029531745185416185	0.017502150059901668	3.131398743847006e-6	0.01754702400550799	9.243174211207182e-5	0.017583642101603937	7.7436625878689e-6	0.1678920098406742	7.933340912926085e-6	0.01765772663707859	0.00030405729401784636	0.017655085365849605	1.5118095625676436e-6	0.017502293422897795	1.5118095640880339e-6	0.0
0.0	8.116172269097567e-5	0.017427941142266614	1.511809588480127e-6	0.01735550435914209	1.511809583448395e-6	0.017431086372965074	1.5118095827965482e-6	0.017502573878423414	1.5118095871573427e-6	0.017426308979571547	0.00028705663043328034	0.017502193456037537	1.8441630154754266e-5	0.017519522378618792	2.0053438154321245e-5	0.017444631120493534	0.0003017402887457105	0.01734371461680224	0.0598395379787702	0.0
0.0	0.10811824600819997	0.017070248262855706	0.05728226104316657	0.01708262751194709	0.1062557238071028	0.017325161474465528	0.01733750167224487	0.017461912687659013	0.017942103925322892	0.017389179485684813	1.5123919424425293e-6	0.017356875134638166	1.5123914499171924e-6	0.017428054435502348	1.51239144938721e-6	0.017501113681514063	1.5123919077696307e-6	0.017246306793479087	0.10488042183573273	0.0
0.0	1.7709154035348542e-6	0.00029975564703562453	0.000302979265867741	0.00030136745756467574	0.0003062030703399252	0.0003029913403929732	0.0003046031499582896	0.0003013795308281541	0.0558485012578913	2.5542307504023737e-5	0.018563216278488403	2.7612207207710197e-5	0.05613064769677753	2.396966781169756e-5	0.05589180891007255	3.6864361432612295e-6	0.0002890139272401758	1.5118095589098995e-6	8.207340537534194e-5	0.0
0.0	0.018975186290555363	0.017349178824717704	0.018625381122374336	0.01735661876685354	0.0005398200389201542	0.0002978219555804509	0.056083295639690445	3.953119020993914e-6	0.00035956898561967767	8.588909023302817e-5	0.00035599680038733266	0.017425656472795585	0.00028901204280409583	3.6465247216315663e-6	0.05586579804655655	9.71354638920058e-6	0.05586043501385365	9.758547648874583e-6	0.05590028120071549	0.0
0.0	1.9664718123470462e-5	0.017520128015808403	2.288366945134903e-5	0.06151745922549288	2.6789730899376172e-5	0.0178610044104898	0.018713743182754712	0.017854341010841292	0.004407146445909374	0.06758383531497938	0.004404413034106947	4.2399742030896125e-5	0.017291918033815006	0.0001980445422739834	0.055297570950588563	0.017206468593222266	0.05832943812241431	0.017244390816749576	0.001044745335465032	0.0
0.0	0.11018566812887925	0.017581302259538648	0.06447435706510245	0.08179165899305442	0.06447540088652956	0.016901099324229073	9.719578635710415e-6	0.017501417875903508	3.775070743586091e-6	0.017639931754747148	5.386879824520307e-6	0.017365534835755758	3.7750744620326124e-6	0.017294465014571683	2.4745842555069785e-5	0.017461218286428867	2.8218192121866654e-5	0.05721909727618997	2.474590729664295e-5	0.0
0.0	2.017451415932319e-6	0.017429237631084303	7.83297804010407e-6	0.017328077610451246	9.447644002652051e-6	0.017509893185489508	3.7333803291520096e-6	0.026650077216157836	0.12518938415308725	0.026648837899586046	1.163103936205465e-5	0.018138733532648516	0.0010915009437946282	0.017989569554579067	0.0550628854267895	0.10625808116262456	0.003681695012843892	0.11249409780356703	0.0036210115255231033	0.0
0.0	8.225840247637253e-5	5.298001029671695e-6	0.05596327684016343	2.67227810178606e-5	0.05802247855465001	1.2068501294182868e-5	0.0012850655146444431	0.0010574850693387504	0.0012820106525604975	1.511811563922677e-6	0.00029038433920861	0.0006128959364624041	0.056911373862462124	0.0006196789827972765	0.057223823088207434	0.01734552560778208	0.003941125689629838	0.021182859553562316	0.0037991920765810118	0.0
0.0	0.17010686386653484	0.0002874361482982531	0.01825065159980503	0.0002806212007740247	7.760453479358265e-6	7.920093644126976e-5	8.242455521911409e-5	7.92009360886613e-5	0.01828623613061201	8.465340385566496e-5	0.01742947005048765	8.029129815159692e-5	0.018054121364257734	0.017377810070707815	0.01801002298919528	0.016174925839569632	0.3550094661972035	0.05594577435321009	0.022936478063966568	0.0
0.0	0.10630795904995413	0.017167674217469963	0.01786615881139725	0.01735706003899073	0.0008664473347686636	0.01805445680418125	0.0008682882651072476	0.01742435545691541	0.017906997723256213	0.0003070041036840244	0.017517963854501464	0.0003114790783995429	0.10557882994639115	0.0571076018311475	0.05484534010013779	3.9610104238354204e-5	0.05588888071713253	3.992845311838543e-5	0.05612718580998071	0.0
0.0	0.10654893446815794	0.0561810797462637	0.05571161013486611	0.0010138507394275979	0.00734313178182303	0.1786493692075268	0.007723201007582634	0.18657915646853293	8.351335461265523e-6	0.0175020012743607	3.3650987570855146e-6	0.01742835105774518	1.7532891960966962e-6	0.017426493968091036	2.746748613194031e-6	0.017503653713185723	4.358560004703598e-6	0.017502547720473487	8.32048771225801e-5	0.0
0.0	0.05488325311182448	0.017321636861453722	0.0005778507359991248	0.01793559697428706	0.0005794634915244744	0.017320224593569255	0.01815687125756702	0.01735478171135758	0.017161234873983522	0.01746544496192682	8.065805682402211e-6	0.05562816807416893	9.432049736072708e-6	2.7333838935823474e-5	2.2498461779700324e-5	2.7333910814028386e-5	9.766198124950649e-6	0.05438157055407044	0.16707478255667127	0.0
0.0	0.05780210984867797	0.0036851423512069994	0.057604508252224226	0.00038715946674415313	0.6931371080762864	0.6931301405920036	0.6931336347866813	6.0341466042098424e-5	0.01874282751317748	0.02016363950865821	0.018532820307541397	0.10644570682156951	0.021355888571213164	0.0006385430407359721	0.030520290617659578	0.016332243295747118	0.033796575984995116	0.016332237763210668	0.030420622601577865	0.0
0.0	0.016786030263988762	0.0002897979569782509	1.581385052985523e-5	0.05594070688491687	3.1561839297178e-5	0.10825223970149728	3.384726543199308e-5	0.05589175506145668	9.410305586997238e-5	0.055510046584777366	1.1988983186636254e-5	0.01793842500286251	2.6065697402668803e-5	0.018071433430198184	7.499668600899023e-5	0.16618158397750626	1.2829215777512816e-5	0.00028444599341434046	1.5121535608126724e-6	0.0
0.0	0.10806940460873693	0.00015458912616154866	0.10845224576469631	6.309236861265827e-6	0.017504949417292033	4.115675328602861e-6	0.01743027834907994	0.00029172559751767136	0.01750269587199175	1.5225404385913831e-6	0.017467405427692144	1.5225385539553662e-6	0.017355777265729393	1.5225385537546704e-6	4.746157686410281e-6	1.5225404328366286e-6	2.7303327616087273e-5	2.6565123306796774e-5	0.01745447933365925	0.0
0.0	0.017769989090814172	0.0006203659618156516	0.017759689718688035	0.0179794214711901	0.01747016071340485	0.0171497017633016	0.01747022416885356	0.017907089899830204	0.05592891251194701	0.0002709416519829207	0.017803655232768507	0.00027069671721552933	0.017428914343864826	0.0006318872303153842	0.01813466165650202	0.0006302034091437975	0.05619076945397521	0.0003016289835120705	0.05579090595082335	0.0
0.0	0.05758527480141971	0.0012020050028349152	0.170091699593133	0.00021625641202985092	0.01857768265108169	1.332559042011902e-5	0.05596663256880056	6.641444036396722e-6	0.00029097445173197057	6.408633672006462e-6	0.056307739707101206	3.7824927485448126e-6	0.019657464076538463	3.4676117566762355e-6	0.05631120461954474	9.515719674110519e-6	0.055859284946083124	9.4658334811143e-6	0.05590682256223516	0.0
0.0	0.0563340838670832	3.7018692345451217e-6	0.01746463811904231	0.018214527668900325	0.017588726755927677	0.0018113870371693	0.019567402565319858	0.0018129271067143288	0.05891125028178834	0.001811660171734858	0.017649334830203034	3.718184803230877e-6	0.017469852890072222	5.300553100373835e-6	0.017433040990215115	5.002511603174046e-6	0.0010080373620697974	0.10607770760745952	0.0012495630163949561	0.0
0.0	0.017745809121784653	0.0016138384679247218	0.017514724102993304	0.019695576038583785	0.017391472739368315	0.011066171566688767	0.028325056612686125	0.011067724377779588	0.011070948005138241	0.011066114371465183	0.0008366701097455462	0.16802095322523153	0.018899350949865446	0.23344121697393405	0.01656847256245426	0.017992348453690618	0.017420731774664074	0.02145443716891254	0.05589475976106999	0.0
0.0	0.2909663737304736	0.10269415183967344	0.21175325180000637	0.10592367551873753	0.026103300191041914	0.13670625391706906	0.02604030704626397	0.017534078829855505	0.0018908029153899698	0.019104447863946425	0.0018852997157311007	0.017423549810984342	3.826017327802632e-6	0.0175059553333482	7.309135448086787e-6	0.05749498014024107	4.6597963060267196e-5	0.2428478246726394	3.826114996766576e-6	0.0
0.0	0.22973965616062836	0.00017308747979597367	0.0022597605076508176	9.554455218354805e-5	0.05814867957028351	0.00040499073435075255	0.16304607827188264	0.0004953235267756586	0.06002901506079856	0.017131997715750493	0.05859976354677568	0.01679736075011922	0.16939175298392123	0.000581164055172535	0.009393832740898443	0.0004071968328387407	0.16361352085148834	0.001022208775146479	0.0011119055492284711	0.0
0.0	0.017435597389684417	1.511819908198174e-6	0.017428414958474987	3.123629468889099e-6	0.01742990066810082	3.123629473226034e-6	0.017428197088342964	1.5120394761971682e-6	0.017502370019050018	1.512039471540916e-6	0.018040045950380498	1.5120394903525332e-6	0.017173749804658293	1.512041370214534e-6	0.017356301429416375	5.4621166655310545e-6	0.003536627704879686	3.828611432979909e-5	0.1664412551245296	0.0
0.0	0.05573568807517213	0.017353539744352355	1.5118187966625499e-6	0.017502491715666035	1.5118187927898075e-6	0.018036867339944158	1.511818793493511e-6	0.01743547365783971	1.5118188722963096e-6	0.01750143225523096	1.5118264365800416e-6	0.017569887899217092	0.0003610176736691946	0.01751091483924581	0.00035785472882419333	0.01735282851451757	0.05576410156503827	0.017434276628125744	0.00015049556778497315	0.0
0.0	0.055432316970083065	4.220072933728085e-5	0.05589862557702613	4.235542282242018e-5	0.053358226345975486	0.2920610088035744	0.10313406803260664	0.00011345050568047404	0.10816854070636898	5.914186310853847e-5	0.017536149915493196	0.00022959140770855931	0.6931052693573196	0.6930884283054318	0.6931126617815192	0.001028205558212418	0.10712793382144316	0.0013537245947422224	0.10737147266392794	0.0
0.0	1.7553920206954943e-6	0.0002909351710613949	3.6186424309036896e-6	0.055854214867430974	3.929384737054426e-6	0.00028627162533890256	8.387268881034229e-5	0.05593372349947282	8.418883086968875e-5	0.00028829765505230604	4.9118645512197705e-6	0.018455750474433777	1.3350600478202429e-5	0.056103749895550246	0.00036504159504636014	0.05541838121578859	0.10572330123134896	0.055172203270903664	0.017562663459089	0.0
0.0	0.05553759097243448	0.10473289708379294	0.1632678706590572	0.05452150347110404	1.1733355992484744e-5	0.017512577635399096	9.896839672291681e-6	0.017430387727242473	0.0003075761752801615	0.017629269726438274	0.00030566156542937356	0.017395418866765388	8.104029300465961e-6	0.017501619427293787	8.831867891930286e-5	0.01758981233898416	8.993048764529688e-5	0.017590189530715877	8.831867902345684e-5	0.0
0.0	8.104775319540246e-5	0.01808780274741779	0.00011239254832574239	0.03149342886533618	0.0001158931068485127	0.018764779784566955	0.0007239260714490787	0.017679103770891456	0.00029032487222043505	0.01433159364081587	0.0003888686024602062	0.1609929799645152	9.22550297287136e-5	0.017360951802919133	8.722190248793512e-5	0.018542820593177082	0.0006384359874102999	0.10900519652012391	0.0006018071679427075	0.0
0.0	8.121476789707097e-5	6.031364159970972e-6	0.05563628037650472	5.61167459333623e-6	0.00027572333033407554	0.017428274796904578	0.00027899743398291505	0.017428148558194845	0.0002880070934491004	0.01742565487393557	0.0002931104812351538	0.017354450710296076	0.05555978390252403	0.0034848638317873334	0.05556102758032295	0.017231508505678002	0.017905829039835505	1.5118100280498716e-6	0.017772656776316155	0.0
0.0	0.17292646401201356	0.165732538241038	0.17305054233333117	0.00014948113432261968	0.10839082446536849	7.95267302082939e-6	0.01941585102563859	1.20641272614421e-5	0.02346212249857508	0.0002378239424829468	0.05617553837709264	0.0007207634599409672	0.06178007449858268	0.017309629321505496	0.16431420398364197	0.017364789060762754	0.06601394752529621	6.901860748974347e-5	0.3027801817983725	0.0
0.0	0.22984003140633813	0.05359860104546462	0.00154190936724467	0.057530661127664674	0.0015348852808101726	0.017585303388567963	8.806125111436935e-5	0.017520472718956282	8.96730607348393e-5	0.017323937539014674	0.019754475801607933	0.01715460365129424	0.1105969180884874	0.017338541399750787	8.518441920942251e-5	0.017543042161184325	3.623452787723928e-6	0.01743179670311615	3.6234532110504746e-6	0.0
0.0	0.00028552973229066395	0.018332372484472975	0.0002934898642821695	0.1667359863035541	0.017049906126474453	0.016649884296293316	0.05516638800224765	0.10629386496012688	0.025421836583559464	0.018661150497451272	0.49840847752611	0.49843924622143093	0.49825058932303995	0.004614565915487764	0.0558300227051689	0.1064079658697638	0.0002983745042058047	0.01764288611486592	0.0002913154425813949	0.0
0.0	0.0006995574105448175	0.018859761108974485	0.0006995574081801398	0.017534982984016026	0.0035933121401027987	0.003598147567926384	0.003593312142802814	0.00019071241018594608	0.05495154643818442	0.16815846021273756	0.049222418338954875	0.4899913357490054	0.05088035298904539	0.23287886362623	0.0010777638627523206	0.1027463895055501	0.000282462359746682	1.3956774433446341e-5	0.05593900390808514	0.0
0.0	0.08695884076885546	0.08696206434417046	0.08696367590831827	0.14404568730610845	0.08696766021880957	0.05600846098478473	0.007425326027022775	0.007744894893082989	0.007423403219045803	0.055834036397237656	0.00022744271725734573	0.10634595717272617	0.0002273720914853398	0.054669071579155105	0.1091124611408995	0.054393414684880285	0.01761772751385132	0.0007509702730998688	0.01771317692091738	0.0
0.0	0.01747620401500249	0.01721952643960562	0.01747305208984729	0.01787727227733849	0.055347296800657614	0.03245663038015165	0.6931691048765387	0.6932959202276339	0.6932690148996856	0.06164586357579688	0.00015578783848678278	0.05242996626618266	0.054606508875358145	0.06679740096697273	0.054546860717322426	0.01766176567641789	0.05516839016068973	0.10600066439785903	0.01864515958592874	0.0
0.0	7.900557420179048e-5	1.5324121973934703e-6	0.017539313738992098	8.202408944326635e-5	0.017506778970948156	1.5324127742654175e-6	0.0002985140564725031	0.0006611240560878902	0.022268423800409515	0.006488237560564869	0.02223686699151359	0.000670567657987873	0.1100119428960592	0.06031278440116119	0.10191486070454131	0.3564953153337599	0.10109945908207099	0.0014898483665312606	0.10806150640935976	0.0
0.0	0.003552109283081017	0.11232444456628168	0.003688574537063837	0.1672888058585153	0.0010298035364808926	0.018520957329967273	0.0010220616446767327	0.017424338661202687	1.7612621386915148e-6	0.01742772501208744	3.3730717073567007e-6	0.01742963140128457	1.5218509852958133e-6	0.017428120658361326	1.5218509848448513e-6	0.017501624209346645	1.208957329426846e-5	0.10663690189701744	7.353172866374208e-6	0.0
0.0	0.004287474004162142	0.0002959385234168284	0.15501447479340408	0.054310171162599834	0.10691019166475868	0.0010917546946730406	0.10862827994697415	0.0010339535502421036	0.01808784063362403	0.017425137208696588	0.017205572963952358	0.0174279795048883	0.0172061593316796	0.01742960922452023	0.01794504618578552	0.055623890309465	0.017784738683511835	0.05279565570410045	0.29376599492107447	0.0
0.0	0.01743942455753946	1.4997333722108703e-5	0.017514374279275356	1.4999285207840619e-5	0.017582461403828957	1.5475469654955274e-6	0.017433030878113785	1.5475450345206867e-6	0.017356834377259402	3.159354588046067e-6	0.016977885000920064	0.16491785798394093	0.026452363203827888	0.6678287813719802	0.6678352286100888	0.66782878137192	0.011535855336721426	5.418007178273383e-5	0.01755105390499585	0.0
0.0	0.017372601047445403	0.05565376516721753	0.017393103118477478	5.714356824346963e-5	3.519917226079622e-5	0.02160719382847444	3.5199170400632216e-5	3.681097996412186e-5	3.358736083738148e-5	0.024237156996085057	3.661943170763358e-5	0.017955379946473483	0.01740049305833692	0.01841620900431396	0.0174036891001768	0.017956177609030944	0.0001226446997316598	0.10668479735238601	0.00012044451417826545	0.0
0.0	0.22875099709088106	0.002276992375634411	0.017461679281953628	5.5496751571680174e-6	0.017433852563074337	7.160235748776689e-6	0.017505763540952558	1.5118096089699965e-6	0.01747783579038407	2.2680220869017147e-5	0.017380833558777214	2.2682051701900056e-5	0.017510495823211493	1.5118114507481246e-6	0.0035816556068607687	1.5118095785258113e-6	0.01750342152569833	4.6553481298634465e-6	0.01745558225133611	0.0
0.0	0.018009957061743916	5.923076292917249e-6	0.01723129702181407	0.017426078528474033	0.0172406910796784	8.35025188419026e-5	0.01831752633724462	0.00011406880749709749	0.10655663169212636	0.05553730638758873	0.01840138577854287	0.01850395929202586	0.019045227174405273	0.00013135084659178202	0.02356191635009304	0.0003397391650773106	0.10590187715177167	9.36582155694194e-5	0.10763166085520356	0.0
0.0	0.10738436897669364	3.566165496832734e-5	0.018470841969527453	3.696728470166773e-6	0.01750166665865515	0.0002901856367821799	0.017425750950977387	0.000290426764417625	0.017435244665274796	4.713712396533359e-5	0.017444783030612917	0.0005617590338869603	0.07095675657013496	1.9813624870140645e-5	0.017521250721535202	2.688990546093516e-5	0.017522949051320208	2.46588745508751e-5	0.10881502596353242	0.0
0.0	0.017758940446672613	0.0008746992848010589	0.01767775731122291	0.05544357377118557	0.05758545108587203	0.0003003232624194624	0.017763821612004023	0.0002981142031366767	0.017391304999467297	1.5118095639688174e-6	0.017428109442625756	1.5118095595994373e-6	0.017428112877259903	1.5118095591553498e-6	0.017428021737767686	1.5118095640482134e-6	0.017426408910445876	1.511809564664147e-6	0.017454357086129798	0.0
0.0	0.025520780054830054	0.010851100965000552	0.06883291091623572	0.010853325766560479	0.0551550224200357	0.22732233572622698	0.06876440404365929	0.6928427111916761	0.6928459349531337	0.6928427113341395	0.010208038800176985	1.9611821986613565e-6	0.018022213011223254	7.453303693727312e-6	0.018204165870152837	8.610187479498669e-5	0.017294827002683623	9.325647795615529e-5	0.05777053321913756	0.0
0.0	2.297408706929744e-6	5.521023659244946e-6	5.521023656784656e-6	0.00017485092954497877	0.05574640448891144	0.017357001602581065	0.00028771989046362555	0.01742957719409856	3.1237319265997864e-6	0.017504996346637703	4.660640026112239e-6	0.1078557324713467	6.273499771327643e-6	0.017504369731591005	3.123731938268755e-6	0.017320943779183078	0.0006648771954059927	0.018022485917053105	0.0006648771930315362	0.0
0.0	0.009884450706470564	0.12426984360732901	0.010894260387788129	0.23138426851803778	0.05419633846064996	0.024175433887967376	0.018042573112867073	0.01785388846836139	0.01743093031896575	0.02362133591365869	0.0012992675576903824	0.10745748921065762	0.0015218166427027678	0.2907501513002866	0.016611526725244328	0.0501087286104276	0.0021023698219734266	0.23275951525113972	0.0020686949836725265	0.0
0.0	8.047065175575586e-5	3.366537145705577e-6	0.05525012766674563	0.02448734562554359	0.0173752286506679	0.001083239510462942	0.0185144147079714	0.0010832351046083735	0.016668443100436414	0.22922895086967007	0.016716885772920406	0.01721522351256225	0.017433577184428457	0.017100377186147653	0.017358923616962823	0.018664618516901935	0.017170552145488054	0.10439828143543553	0.07185568987387207	0.0
0.0	0.10775454218864486	5.7513726671999664e-6	0.019360979980768158	0.05573526183182927	0.017318467197183326	1.7646389524987794e-6	0.017391850736125494	1.7646384622158022e-6	0.017427493057583236	6.197136155570996e-6	0.10434389511064004	6.5483615833017935e-6	0.017441412078778022	2.8976006263665962e-5	0.017362099394969747	0.055710352601599226	0.02257056330045432	2.5006254077908012e-5	0.01898635458018137	0.0
0.0	0.10740651587591907	0.0010478654918492575	0.018481872727989644	0.0010467665682744735	0.017365555776095425	5.169021753157741e-6	0.017430426803507808	3.124250302208916e-6	0.0174289058654274	6.303761062986871e-6	0.017575403533023906	3.7393997887592717e-6	0.019014267340399214	3.7104425916895993e-6	0.01750584743224577	6.090376581855539e-6	0.01750286710920273	1.5118114413491067e-6	0.00299667824111652	0.0
0.0	0.017587194220566982	0.017292328836050083	0.055742023400453485	0.01765410444561949	0.0005627197908141563	0.017202181312307316	0.05883843162210691	0.017149526504453526	0.0558668255625042	0.00043837656103230344	0.0006926872295733639	8.344285542791071e-5	0.0008643525287195853	0.017981826619828976	0.05611892477696566	0.01735158529878192	0.0008994351048065507	0.0006516785027197082	0.0007121335133077256	0.0
0.0	0.015533364919912186	0.41903008010834897	0.05912934875671989	0.3105881097730026	0.3105897215823719	0.3105389858761729	0.016073415685517428	8.791946191459282e-6	0.018088609721191747	5.005395989100198e-6	0.05602282416996469	1.207258212718913e-5	0.01831648809171191	0.00010528159361025388	0.018016003127607972	0.017297894633650134	0.018871081631507292	0.0001392961733657738	0.10814353642687762	0.0
0.0	1.5118209392311215e-6	3.128308182488162e-6	0.001147095286556286	0.16736178898409765	0.01698042809847041	4.208627781417061e-6	0.017433998145353343	4.21038857537294e-6	0.017499652347685486	0.0010815071387714052	0.018554054502962554	0.0011643005340433736	0.017323950628158384	0.056577401493354995	0.05538577637871679	0.05718450916144206	0.023691891261116763	0.06778923633550325	0.022726686861169337	0.0
0.0	0.10668435133165514	8.263545504030915e-5	0.10690280989026485	0.017799858666845633	0.019014075795551953	0.00013881828005432337	0.2293727038971809	0.00023451908134558222	0.10621922881935573	0.017431239832212474	0.018382518815469442	0.017353659710771196	0.017818880433691644	0.016354347055047066	0.23269762041940173	0.0017456957087277542	0.10811528715033862	0.0005102209359688001	0.01791791501439935	0.0
0.0	0.00010366303511654108	0.05541346355802373	0.000105818099838882	0.00027463232551994365	0.0174290009845788	0.0002840144179377509	5.469212201996973e-6	0.0559866444091573	9.943342432097588e-5	0.056320086356048266	2.575134251878716e-5	0.1085694913583364	0.019484040179745424	0.062382700655327084	0.019624945168610974	0.0008708711953734266	0.01852722030609858	0.00222271573389747	0.10617015401213079	0.0
0.0	8.132312816261125e-5	0.01700370375959424	0.16162890620076015	0.10384499366603123	0.16509024044205456	0.018302916249822675	0.055482186785031355	0.01710785939105754	0.0556250901379397	0.0008706413360583162	0.00102345800472834	0.0009522446853183661	0.6931168583802326	0.6932824275603588	0.6931059758270699	0.0001840790354381533	0.019341506356268467	0.0004976366131473396	0.06745062196640171	0.0
0.0	8.227809453364323e-5	0.017354603873075903	0.05555602269321451	0.0035678747122803904	0.055393941394445	0.01692974822203643	0.00028756009125724446	4.44140172992982e-6	0.055974926634803766	1.2862185435846831e-5	0.00029654107407925216	7.013889196113973e-6	0.10655787374069237	2.2353847330709653e-5	0.055819727483845526	8.553537226114557e-5	0.00036072019568250777	1.5119657091766086e-6	0.017417875855879544	0.0
0.0	0.2325769484576441	7.680714239882572e-5	0.022003485870431914	0.10589772800063961	0.05640938635422705	2.0391257276524797e-5	0.0556728542239843	1.5524722220379115e-5	0.05689474142833386	0.0001454826973202862	0.1652413731254468	0.01700000034510493	0.016668124223237928	1.6038483051836084e-5	0.10712063082195575	0.00014456259242604078	0.16916142698583525	0.0037394072939041295	0.0043345493105163176	0.0
0.0	0.0001546909914196776	0.0015658230967632008	0.05817402447286638	0.001485738194407395	0.04481769138801736	0.5685960631754801	0.5686071104141325	0.5685995597721462	0.019459322539186162	0.10649777178755554	0.055269837375065065	0.017443236413771258	0.00045640857186813455	0.017608713504732715	0.00045277019973308637	0.017434732571466705	0.05793661960882013	0.003704615163833919	0.0037440843683495596	0.0
0.0	0.05451577547537309	0.017363169445741143	6.812668513326992e-5	0.0004154718441623828	0.0007070284377328574	0.00041708365342079675	0.00042353089168053483	0.00041708365388835677	0.0007013182918437399	0.017580501549515105	0.0558558425279077	0.00012850941956435725	0.05831982961624745	0.0004946042751831826	0.058126967359155006	0.01716224950798581	0.055762700693581926	0.017440894910122816	0.0001614128195888907	0.0
0.0	0.05920783405753828	1.7985821706693392e-5	0.0012698811910499975	0.001046138479869495	0.0012697921342754008	3.665480273939405e-6	0.05647245254244217	1.1919789693771416e-5	0.056314299447241215	1.174611408167243e-5	0.05585819375545226	5.923415862017163e-6	0.0002916577289263099	0.01735187526435287	0.05555787753918231	0.018337147621205255	0.05547440763599312	0.01784210693032705	0.05579349305736436	0.0
0.0	0.0011118924729208708	0.018400993003447868	0.05640947422461029	3.894487123584069e-6	0.0002924586736570252	3.56744432592647e-6	0.0558547870044135	3.894081725357438e-6	0.0003078863166073269	3.5724618713061096e-6	0.055852923709966584	0.01735151991456584	0.00028803732044233255	0.01742748145595245	0.0002931171825855865	3.3767039468373614e-6	0.056031105989339525	9.563820024643986e-6	0.056136617771675536	0.0
0.0	0.23067057488439585	0.0009444660063203977	0.22116863407994575	2.0018526008550797e-5	0.0002834775308005369	0.01760816268529378	0.05562032928218642	0.01735375926298637	0.00029780306568425276	0.01742552648179353	0.0002983947403977599	0.017425614974697058	0.0002910545773367553	0.017433060701294554	2.69302099905929e-5	3.1236264851103467e-6	4.735428803853751e-6	1.5118096315321315e-6	0.05613300600777963	0.0
0.0	0.055178856274056665	3.663331555526477e-6	0.017385145169719455	0.01875664421713759	0.017314528534477097	3.912314613361282e-6	0.017358645875441607	3.9123141506171555e-6	0.017286923391055874	3.912318422914394e-6	0.01709816650841683	0.10690388722400937	4.82941377799181e-5	0.004534571403467013	0.02230599018821938	0.004788093114091043	0.01792671690919981	0.000256658098192931	0.017723297451342122	0.0
0.0	0.10742667573836193	0.0006934631796453401	0.023655886632343633	0.0023237512252998176	0.5397443133877146	0.04088867837342219	0.6685198401519042	0.6684839886783313	0.7239162244171462	0.7226846121477618	0.6691586256862598	0.024495741245011214	0.1706582940938984	0.016875424634696153	0.003351199086826642	0.0006635326821718542	0.058852850740638805	0.0008428245096455593	0.16813772299406443	0.0
0.0	0.05612847510685017	0.0012246639686475823	0.0572012593917868	0.0006252640036626694	0.018100770178326252	0.0010384187588508846	0.017990295352874497	1.8405622685466494e-6	0.0002818963259779218	0.0034015044503826284	0.017427050721462844	0.017319954447230924	0.017511100041159765	0.01731163517967899	0.01742637069028096	0.0034439656954844333	0.01784144033685442	0.059565511801708416	0.017826097669831054	0.0
0.0	0.057811856229846734	0.003762696879872503	0.057787157010384636	0.00013828568881953338	0.1636145102970783	0.10525339104952167	0.16481349494037834	9.116316454404956e-5	0.00037065509796589723	8.437555479445967e-5	0.0002928085398392254	1.769304439130823e-6	0.0002915356822642071	3.6337934463164337e-6	0.05585615802692365	9.720637220590969e-6	0.05585101506253561	3.6797236831390317e-6	8.115069405350603e-5	0.0
0.0	9.215355039566707e-6	0.056466163652763635	0.00010666522380443086	0.056375838231561504	3.179041335199513e-5	0.11100882914601401	3.378754178426846e-5	0.05678447538688034	0.0001654687768970976	0.05569923582157002	5.451378312476979e-6	0.00029583757419511807	6.997399017846773e-6	6.207961675655632e-6	2.034902519665738e-5	0.055772945916872534	1.9691619329108355e-5	0.00029810191434740405	1.7517833883137947e-5	0.0
0.0	0.16331629341770815	0.054327875750764885	1.8774616848297756e-5	0.055302177590835784	1.878105684267912e-5	0.0553895468444624	2.0631110437824317e-5	0.10666121929750394	0.00012755142339443648	0.055657474888077346	0.00019785012345065553	2.959523416841963e-5	0.017357459917622234	0.05382193023605673	0.2402781221899898	0.05367606746697041	0.06093543605366828	0.06325855368507395	0.007770311557400218	0.0
0.0	0.055864076048732066	0.01717699448898426	0.040502094303315285	0.01725579736821526	0.017247689766144422	6.079915466947962e-6	0.10718959302541894	5.214226438624311e-6	0.018088944474235077	1.5156576465949899e-6	0.018004708680307367	0.05561934095234006	0.018034193580485337	0.0002878455335623688	0.10614642344523832	0.05503817335300608	0.019866125098372395	9.127682069691184e-6	0.00014902368659076162	0.0
0.0	0.05714618716625053	0.01790253553677258	0.2929277574975505	0.016700879502631726	0.02042311555877348	0.017234585867317527	0.05843189686403662	0.017278565192182987	1.5235145190161848e-6	0.01750253883334876	3.1353221425463535e-6	0.017354328980661617	1.5235125822921571e-6	0.017323862345214002	1.5235131375372798e-6	0.017467283700241903	0.0021874530762534075	0.05848245726796656	0.002183978154661532	0.0
0.0	0.4243597200823138	6.209664953316893e-5	0.018520720567139774	0.001736630625834957	0.0191703030555433	0.001780587973494477	0.019170091388803014	0.002022802452215614	0.018495783513896837	0.0010386098921027194	0.01840012999480906	0.0010514498504812944	0.017369600720256038	1.7577503231660408e-5	0.017513845456147235	6.1988671885867686e-6	0.10446260175472984	3.0362725247987247e-5	0.016416978547300894	0.0
0.0	3.5782998548994065e-6	0.01758216657310202	5.190109326131001e-6	0.018586456993243156	0.0016319400362092254	0.018686200876753014	0.0018060949345954042	0.05866909453529589	0.0029699911244360725	0.05683847236525936	0.0010125412220575885	0.019139743104916795	0.0020874003648676813	0.019140198048509572	0.0010140815114509539	0.10881036442431123	0.007571831115477686	0.11390661875355147	0.007509310229977766	0.0
0.0	2.80203556426117e-6	0.01742921294300962	2.8020351083347808e-6	0.017427614493726203	2.8020355358165854e-6	0.017272013242203885	0.10692672031150395	0.01758209759324444	0.0015370932512143343	0.020222114864356072	0.0028664698800545518	0.01999100100245388	0.001539000863468171	0.056200057074215194	0.01673127042504837	0.056205071702330564	0.0006084408394970275	0.018180163618519016	0.0006062482980095936	0.0
0.0	0.016974866839140863	0.01743753335165523	4.876259231811369e-5	0.01743706700072107	3.124887185546107e-6	0.017427851073133716	1.5130776240440331e-6	0.017428137797829684	1.5118256920451916e-6	0.017502529141645125	1.511825687338475e-6	0.0175039254356754	5.422932611421216e-6	0.017395482400377936	3.8098943009710456e-6	0.017319235607768244	0.05557563146496427	0.05259928438812	0.05578923074328131	0.0
0.0	0.0010738233959104958	0.1655004071618017	0.001356490854302672	0.16498404167348604	0.04999770767301747	0.056149367016938165	9.125909045721106e-5	0.018037200986844724	0.0001685453484153317	0.017274988073121958	0.017425113077541625	0.0011063818077946322	1.5182823264309771e-6	1.1318482194626182e-5	3.394820098516738e-6	0.0562822040345368	1.9633707445822247e-5	0.10548010960843564	1.5182862294874203e-6	0.0
0.0	0.10944551979565693	0.002368399494583052	0.11214925265291555	0.002044323606358108	0.0002924320484789384	8.353563586415954e-5	0.0003708558379645004	8.378264947475905e-5	0.055263264157873415	0.10160720098581844	0.054865652644799326	0.000805214926346863	0.056646975151235186	0.0008073821992710936	0.05669266786261297	9.859993518178537e-5	0.05628979914521255	1.1760679598725252e-5	0.01757200751238252	0.0
0.0	0.05527605402270523	5.6677671294677994e-5	0.01796436404108905	0.01735261034387048	0.018019368928784262	3.615579105457372e-6	0.10732863147913725	3.515795461913963e-5	0.018104702894706556	0.0003192142046608473	0.10813059107108533	9.31890333783952e-6	0.0006838447255831783	0.0006660567090725913	0.055879329689695924	0.00019914453684385494	0.22849217343838601	0.0008114833848859246	0.10733875273194574	0.0
0.0	0.0006037499526288042	0.05863397669120911	0.0021345339636633293	0.057354147171417985	0.0022540804356241274	0.36900993524385295	0.00927318480102242	0.4178449306015918	0.0003444383626290586	0.004403296035845561	0.003764515071763128	0.16525988081428863	0.055086110393556355	0.16328510784912015	0.017153039988398535	0.00032701638761873183	0.017161711622007098	0.16324236247097548	0.05557775159711312	0.0
0.0	0.0003584584814783385	0.017719455072542318	0.0005498116954359304	0.017425427042199064	0.0002858779911280935	0.017502583088384507	0.001026086825080877	0.11012576576867705	0.0010282676367630932	0.01787086806145797	0.0009417244858265427	0.017726858648175196	0.055341774094077326	0.01841752785348161	0.05552329848546332	0.018795158839161538	0.0025306174353443185	0.0187812290526589	0.01746225283632158	0.0
0.0	0.01769304292323112	0.005058914768036158	0.022209511838479613	0.004416783442500824	0.1630969115370924	0.22564494575385882	0.05395060961553066	7.535803437098274e-6	0.00029499693919643244	6.8600777742349625e-6	0.0002999961099273647	5.5320717982802946e-6	0.05589446769021346	5.249135099807269e-5	0.017448172675781432	5.3715048095063214e-5	0.017485947449745035	9.7711985320356e-5	0.017485345789039253	0.0
0.0	0.017414380326018174	9.103731926852141e-5	0.017463098894280042	9.103354825985012e-5	0.01731881404704151	0.05571112346344529	0.017431781158434256	0.0003489111547804219	0.016633691157687626	0.18223045952098188	0.016578820109801322	1.8943207890520063e-6	0.01739325593915054	3.5061298646990238e-6	0.017429630979343157	1.5118095638878116e-6	0.017502041876026112	3.3803416209115996e-6	0.056965894626876824	0.0
0.0	0.05860267362366872	1.0989118586452398e-5	0.0002979533631769874	1.5118100261738046e-6	0.0002890919094890444	0.017355389327888132	0.05475474359692102	8.26186859965721e-5	0.00037255314710742544	8.232012020961395e-5	0.05573879648992524	0.01625649189082404	0.00029158870908365585	1.6344280712284653e-5	0.055633697036379555	1.9151556456277293e-5	0.05550499181369985	0.017765227478230016	0.055790615241082885	0.0
0.0	1.7570235962231042e-6	0.05813814365643313	1.090443414580358e-5	0.00028881974651014716	1.7570236037148842e-6	0.00028657902657117063	0.017353184244246214	0.05573547145246231	3.93447890198586e-6	0.0002913626472529265	3.623480433391652e-6	0.0558503927259421	1.7618537956368777e-6	8.227895462586716e-6	0.018177120330414964	1.70635212969286e-5	0.0015729890941568836	0.1684418781247807	0.0015729890936154664	0.0
0.0	0.017436913946243086	2.9959447720414646e-5	0.00019483366625983197	0.05462551172083706	0.000719070870340716	0.05584967942860028	9.255924343966241e-5	0.05605208799790688	8.679881668360615e-5	0.0010260407750218223	3.1236379433262535e-6	0.00029234017975471056	3.123637474275128e-6	6.347256603368339e-6	3.123637473178721e-6	4.7354470380504105e-6	1.5118279089504606e-6	0.0559661193835018	1.5118283720226773e-6	0.0
0.0	0.10683852346928502	0.017249340307295153	0.018489596082882333	0.017296233205384065	0.018650110695814164	0.017389303441060235	3.1346311836337777e-6	0.017391974799511215	1.522821146644055e-6	0.017393537485385892	1.5228211465076435e-6	0.017576318596188783	1.522825403114976e-6	0.016728262747934135	0.10626957341478019	0.017222654041642145	0.017165629575134334	0.017218912445293118	0.10699484547082497	0.0
0.0	6.2922238686553005e-6	0.1068967151545043	0.0171660351868685	0.018507071627469	8.84466906472658e-5	0.00044444957194570946	0.00016710991415629724	0.0558146010023306	3.1742883164289525e-5	0.05578717758734862	8.381594345461891e-5	0.00036914838587258976	8.164207432841052e-5	0.0002883546284645445	1.7623107925935592e-6	0.0002903287246458412	1.7623103286216792e-6	0.00030758359486794554	1.7623107927122126e-6	0.0
0.0	0.6931469434243893	0.6932132536084422	0.693322770389379	0.03530898227527755	0.1654172088825436	0.08055054588579978	0.10639483323102511	0.0013048777144179756	5.70122667867177e-5	5.7012266336048e-5	2.684510864062409e-6	0.27858057285728993	6.57585362160309e-5	0.002388384027297334	0.017073926878152065	0.2932688862948897	0.016832784063872862	0.006762784887017847	0.017765954102312197	0.0
0.0	0.05585054252656623	1.0710356035925245e-5	0.05550262786506508	1.0441420014419644e-5	0.05617088069327564	0.0018072258460914987	0.01940712883756173	0.0018943347465018242	0.017452772448493463	0.01790558295401385	0.05516931395521312	0.10590063594973913	0.017172318488131954	1.5118100634192403e-6	0.017356235661616985	1.5118095615885362e-6	0.017427344134664232	1.5118095604841848e-6	0.0174903856756053	0.0
0.0	0.05381519364047196	0.05550390112787532	0.01740857003763541	0.00013071762269015606	0.017559452435031625	3.5284464074248445e-6	0.017502093269477013	0.000281793611668591	0.017428287254583532	3.291797273198499e-6	0.017430505909458903	3.353414554952398e-6	0.01735211269043637	0.05584929591734625	0.0005997912640248102	0.05565241916854032	0.00022175985470521744	4.972236423291713e-5	0.01746362318915088	0.0
0.0	1.796934617734013e-6	0.01742909264957824	3.4087441705116227e-6	0.017503475334387137	3.028230473260108e-6	0.023897856434106236	0.008661686898342834	0.026093881961111676	0.008704126619133421	0.02383253883334157	2.007074758350967e-5	0.10757204878135511	1.3269854520829465e-5	0.01750155237083965	3.1355895547780956e-6	0.017429955489657818	3.1355895542733643e-6	0.017353679397139703	0.0557374003700092	0.0
0.0	0.1656244941842961	0.054543446860030806	0.054741569997554446	0.05541300355270755	7.181591911943668e-5	0.05637806951640317	7.080415557757103e-5	0.05661091746361993	0.0003766291826190405	0.00065188273742031	0.00030503629710128293	0.024411009376460985	0.0173118897716771	0.018653575135234572	1.1409406353462721e-5	0.00036810020110180454	9.085280980325745e-5	0.055371310397030395	5.940611362634603e-6	0.0
0.0	0.055640226952374305	0.00029432082128324084	0.01969567406012778	0.0002942549757592547	0.019816738035025025	0.00011646286429226235	0.10882907105045822	8.867724622034987e-5	0.016683420566191976	0.017294912440646244	0.06381608065367271	0.00019821114527976728	0.05597376531061297	5.636953365412562e-5	0.10293811588994603	0.00040844961479335286	0.10796716515101104	0.001569674986293855	0.06601205873748828	0.0
0.0	0.00029572394028308345	0.1071201718625709	0.0003044848498500645	0.01746147835226463	9.400114770505057e-5	0.018819133206533042	0.00016652383080326496	0.16720857425617483	0.0012729763218977536	0.00442073935632834	0.0006624744048073175	0.16593574167631192	7.954603656826205e-5	0.018229982010286378	2.2495704391534684e-5	0.018130667671245052	5.33101710137604e-6	0.017278051006785453	1.5124124055704965e-6	0.0
0.0	1.512731553340329e-6	0.01746637509363518	3.124540633514795e-6	0.01897115077980926	0.0022940723855932703	0.01893710110214425	4.094271793255736e-6	0.01017595912514749	0.6922100113153749	0.6923585005904053	0.6919946565253348	0.009164796283271104	8.817341583521758e-5	0.01744246479950445	8.65567973476498e-5	0.017427718529251988	0.000597874690810892	0.01809902386554111	0.0005978746908246687	0.0
0.0	0.01775270350341738	8.49727425969958e-6	0.10628234509408097	6.0203813192896334e-5	0.10446066087006602	0.16315240351167465	0.1081786274815043	0.017168259146315305	0.01607829483605475	0.00010069758430207114	0.22227054261699258	0.001412305656057999	0.022431671387315676	3.770188635133844e-5	0.01777417467563951	0.017442999493831143	0.021622075627187067	3.5726457404617996e-5	0.231864716416804	0.0
0.0	8.205926343891068e-5	0.057037833512763085	0.00030868500264927176	0.05823927728883681	0.0004139200126989747	0.16587187490845345	0.00029621858216056834	0.16563776733571223	1.7509706223158097e-5	0.0010110476932860693	1.1490671301745854e-5	0.057604235743932766	0.017206128034917095	2.7311085081379655e-5	8.586745340036415e-5	0.058242688201019376	0.00021991466830169543	0.05623851804177325	0.1066406451914964	0.0
0.0	0.01365738213690821	0.1236242056107632	0.01366221701259289	0.017509472887719257	5.2149859412813855e-5	0.017478770379123414	5.214985940857092e-5	0.017478769351970493	5.214985941119296e-5	0.017383774485036706	7.699006096111538e-6	0.01739104076414045	1.2802998915187536e-5	0.01751383804266193	1.1360433900719951e-5	0.10856087337440479	0.0005777786931566166	0.10837289960841644	0.0005163276808431123	0.0
0.0	0.10654446237716331	0.05517144584321567	0.017980140794604766	7.022402724504833e-6	0.018321603327019535	4.9630019821091814e-5	0.023570034344437357	2.0903606480826524e-5	0.016852878373217146	1.0976819745476534e-5	0.0490435500821603	2.398676558037592e-5	0.0048316701015204385	0.0004278926329632225	0.4220225555219272	0.0005381346033195463	0.02673230713339931	0.029684445028311877	0.02677095150720966	0.0
0.0	0.11043062406937076	0.05429580180937431	0.017575523850441803	0.0003016890508567151	0.00029518724668959955	0.05667138631332724	0.0005961866497978187	0.05557590850469823	9.029212759788153e-6	0.05543012695487054	9.649345792396584e-6	0.05595913418970534	5.290475527019372e-6	0.0002904265832932665	4.984856222322924e-6	0.05643089413880925	9.304479339615245e-5	0.30576221407582066	1.5120631473401391e-6	0.0
0.0	0.01713759568790639	0.10582570625256797	0.00010291418414630183	0.1067031136515962	6.1212496592545e-6	0.017932633924474115	0.05516354452628787	0.10655622035178218	8.590572044160605e-6	0.016849095203384793	1.6343209825958006e-5	0.023705989588156028	4.68011363564878e-6	0.016818116258445388	1.511809560711238e-6	0.018595638081177902	0.00010158557934648925	0.11827995923876192	1.511811376216489e-6	0.0
0.0	0.0017117099180239304	0.019085446313787138	0.0018839283871257529	0.01697875955510038	0.1691300826416237	1.3941716683401059e-5	0.0005460259401753876	0.00030146285431679174	0.05576321213772964	1.8424797922891773e-5	0.01846451490751172	6.353665879649866e-6	2.390008386088573e-5	1.9064655847360503e-5	2.3900084542440036e-5	4.7476854551602465e-6	0.05535768561330563	3.3776101463552145e-6	0.017393200456556283	0.0
0.0	0.05619815817221158	0.018820307334919816	0.05597163990573193	0.0561165631455106	0.055389248973419285	0.0035123655525183175	0.05541206799371747	0.0035006519237014465	0.05506952553330406	0.10611261566575049	0.017764955863938836	2.7702288095083603e-5	8.240070907725174e-6	1.1463690036263338e-5	8.240072742826412e-6	0.017508008130907197	0.00029268746515924004	0.017357947972371633	0.055793506141080085	0.0
0.0	0.693080850465378	0.6930670763419532	0.69310164132519	0.0003609920583034016	0.058997364014947144	5.525694371546946e-6	0.017998964284928053	8.174370172662813e-5	0.10692241430805093	0.016945451162378763	0.01885043808879844	0.0006285175201744512	0.018403909549190422	4.374589749815796e-6	0.05871847600756926	5.589407342089487e-6	0.018013228463046704	0.017508823063978166	0.01741721533168067	0.0
0.0	8.38392011943821e-6	0.0172083363502036	0.10632405884257794	1.0298451622258285e-5	0.017218721362990734	8.785728222004079e-6	0.10781262833746193	0.0009754160991852107	0.05868120667769733	0.0009536553019782265	0.0009688673952456979	8.608962603490636e-5	0.01832613055671722	8.295749652769419e-5	0.018106100703167625	1.511809562590787e-6	0.018074854783613724	1.5118095578278143e-6	8.973951079775177e-5	0.0
0.0	0.1066823810872567	8.183029280315544e-5	0.00016247920072616295	0.00035490891957773956	3.129430369012128e-6	3.3835939623936882e-6	1.517620812128581e-6	0.01754372564651017	8.891599313652546e-5	0.01721070796184705	0.10649818916132546	0.01721244615911683	0.017140243937398096	0.017357840536695732	0.01861537392619257	0.01698890494512564	0.16603830366161906	0.018042601564790477	0.003024291153233885	0.0
0.0	0.022923828228328363	0.017459461758966812	0.026896984300535526	0.017196132657574383	0.11617152705461689	0.017248684428261826	2.0799838457521802e-6	0.017578273951206293	8.721197903368639e-5	0.017475223066709653	0.0003146177581128828	0.05573315522316387	0.01779786700949533	0.01749109980366874	0.0003076609943238523	0.01783779370357804	0.0003092705316218245	0.01728561769874523	0.10599133678807113	0.0
0.0	0.05573397878801853	0.017875253935989984	0.017392616197610605	0.018319155506699242	0.017204775963901645	0.10627777086412327	0.055167982035391916	0.01785478106552398	0.05561907532997911	0.017994691396066558	0.0002799122370187288	0.018342584281483887	0.0004114986906831831	0.22955586122787472	0.0018427326723731048	0.01992083531230068	0.0018464713810885224	0.1042401595104088	0.22748673940160058	0.0
0.0	0.0560699121560742	9.609869524234447e-6	0.05629297045404862	0.00030019450541888333	0.05630786581656608	0.00029429449426776356	0.0002992915908835671	0.017218614744925344	0.017975623837351715	4.422913079382835e-6	0.00036226909695080315	8.763313623456697e-5	0.055938482173363176	4.616384437055358e-6	0.0003615046174491611	0.001128991359797359	0.05765344758886712	0.0010484138934327382	0.055887051678997185	0.0
0.0	0.17125092873414394	4.8019621683336486e-5	0.05664240190163447	8.642191192003741e-5	0.05554471001008913	2.265436508820475e-5	0.1066227192554094	2.214322241802281e-5	0.05511936635462342	0.0004204527420676889	0.055786691408805045	0.0004169680803354079	0.00036707015456932755	0.01735294326462005	0.01886795928714675	0.017733730123860286	0.0008974019540094016	0.0006351927700238672	0.05616979924548634	0.0
0.0	0.0558887866517355	0.017281958010852288	1.5135952808877615e-6	0.017582655409695613	0.0002955745250000653	0.017513443627456757	4.982641706025442e-6	0.055430189647590965	5.255263043142968e-6	0.0002680065153340169	0.0627365254370637	0.0002839525565360448	0.003563955051729296	0.060412332641894155	0.0035642708618010516	0.017492695058556034	5.321007671293301e-6	0.017430824144766478	5.321007678783393e-6	0.0
0.0	9.766993325722968e-6	0.05543278654581257	1.9086226093298238e-5	0.055433308586559066	9.766993326104904e-6	3.057542106888065e-5	8.783083503441671e-5	8.944264423929215e-5	5.932145946322974e-5	0.0004249693292848058	0.0001445644313900802	0.0004158301710028305	0.017229485450405903	0.10745512462575305	0.002827343409343609	0.021483107476123368	0.002805559668997399	0.0552105782162928	0.10555008880076927	0.0
0.0	0.019009478492532317	0.05517069243083372	0.01916874973685676	0.0002865360752451944	0.11716119918463667	0.001294949425124995	0.1104230260210957	0.003749276551620201	0.019517478477604974	6.474482374770884e-5	0.09883540898311595	0.0009425503051452679	0.2235792780505365	0.0031656046578699675	0.17931133860632925	0.0032802231765957164	0.11226693875317083	0.0034531519577335116	0.1147490911084667	0.0
0.0	0.056151929742744175	0.0012824030482508871	0.05706803099800235	1.0062149884066346e-5	0.0567263969952506	0.0001716859566040687	0.0004588080809217817	0.00017113645240995098	0.0003647458726885684	8.383434425287516e-5	0.05604724971998533	8.490376710323518e-5	0.0002907735639242793	0.017429440039902516	0.00028893603778985333	8.599663922363092e-5	0.1069996554147236	8.9421472352467e-5	0.017418959435931403	0.0
