0.0	0.05573493402778025	0.017492688271421922	0.00028821165363294185	1.919740675401646e-5	0.05565543675511499	1.9489129827776746e-5	0.0002926209710751889	1.7576983117558884e-5	0.055735720601997184	1.5124347859906192e-6	4.736053449768732e-6	1.5124343195277483e-6	4.736053448405107e-6	1.5124343193118824e-6	0.0002931013276162024	1.5124347879676987e-6	2.5188910698028416e-5	0.0174449107404477	2.3564805687604496e-5	0.0
0.0	0.01736111023296104	0.017439571227966952	0.0003591053265604079	0.017881723841949193	0.0003589355969972288	0.017418057452665343	0.017288646374875344	0.055972532793013216	0.0010821450885630888	0.056214566419134415	3.6870528122854647e-6	0.00030583858629069645	1.828443414072497e-5	0.0003018845626497855	9.764761076727708e-5	0.0003828871835345619	8.550455187677406e-5	0.10773779561076144	0.05520508748614072	0.0
0.0	0.017435371927148446	0.00028771107582989077	0.01742584601881056	0.0002891880832772204	0.017435244599116564	4.712421457425613e-5	0.01743545428089469	3.123622506176392e-6	0.017428261862109804	1.511812940555815e-6	0.017502418357831163	1.5118148182723243e-6	0.017502349118893056	0.00029365119085941673	0.017431000248272984	0.0002926516781520731	0.017438105576739645	5.006404223154408e-5	0.017463922355811352	0.0
0.0	0.0002880598650478065	0.01750336466555054	3.085121838687267e-6	0.017505879088962235	5.805251450274711e-6	0.01739674257908916	0.03223570245072583	0.6926052710722631	0.6925192534010698	0.6925299919609448	0.001975781772911766	0.01973299020885407	0.002585186891865137	0.017649912227695113	0.05524672133373896	0.017594666054323624	0.0021906278619238046	0.019576517245272526	0.0021873496441460047	0.0
0.0	0.0007925328245696968	0.018371936882246424	0.0007925328223194623	0.017461971685573865	1.5219174998036175e-6	0.017428072408094582	1.5219174993738584e-6	0.01735493540610585	0.05493209811319143	0.060175552383545945	0.05479141331827081	0.06276633144635511	3.100275773314144e-5	0.014363128444673405	9.123970491256879e-6	0.017556745892991735	9.636126504470032e-5	0.017470324539636366	0.017457296444078257	0.0
0.0	0.017658107580878137	0.0173515075361836	3.1985124705034413e-6	0.017468728701729882	1.5867034658211474e-6	0.017471956024439423	1.632296107047087e-5	0.01755301645733122	8.310886489835484e-6	0.16926240736564163	0.0006273396756125689	0.01812793098128189	0.0006244751770517696	0.00044162307837117786	0.10642378712873105	0.0035365880126575428	0.10705804262585647	0.055161151856299696	0.01654599043980669	0.0
0.0	0.10736858496096434	0.00016320711894460496	0.1069261628544832	6.973844112659238e-5	0.10542118816790368	1.4061159084422811e-5	8.228478563865548e-6	9.126818245012848e-6	1.2350436914689638e-5	7.515008222802139e-6	0.01815328045596879	0.0002921097437920687	0.1026959303603855	0.1589451999852684	0.10971285020387164	0.1764881778021873	0.11492274992871247	0.4441833859524552	0.09538381831791272	0.0
0.0	0.0180032242438588	0.000747138341902031	0.01874624207891569	0.00020375766339898193	0.1644234570045227	0.0001962546805151138	0.018370116298274043	0.00011642049814300448	0.10691729346722077	4.0035126399566316e-5	0.01831810134796351	4.230787957295436e-6	0.018825178634390743	0.056837046302297176	0.10753616927245797	2.659800298476636e-5	0.05293563608037472	0.00023594287220919923	0.29600274911068514	0.0
0.0	0.05522749550287839	0.032232613681579265	0.0011626127500790097	0.10627173873986448	0.0018704890791193314	0.14294450892243693	0.10135298951641242	0.1048226096211264	0.05422419913935501	0.11876586518088368	0.05424031333457914	0.017284699754985314	1.5540746124868306e-6	0.01735676854576142	3.1658821926988693e-6	0.017503037947507457	6.3267015297156444e-6	0.10840297880703711	1.554073096104524e-6	0.0
0.0	0.05585160951267966	4.075732034875797e-6	0.017544152391632768	8.866177032103374e-5	0.017793938235699344	3.4474691573506435e-6	0.05825864247950238	0.002419184069182627	0.05717831871304928	3.7248562129284554e-6	0.017669639537034872	0.0003140679958071706	0.017712359699207446	8.439799671527023e-6	0.16693322516019693	2.3406659520973467e-5	0.01772126953371369	0.01912286271881805	0.01771748573483606	0.0
0.0	8.327854042911899e-5	0.020335552821093707	9.565883420189509e-5	0.05573502804571646	1.5464726049235066e-5	0.056684047429116174	9.417677461846971e-6	1.3459864431647249e-5	7.492645401904584e-6	0.057124917835491555	0.017354314469592503	1.2166496288470276e-5	9.600199872064865e-6	0.0481807607426796	0.0002484066047655408	0.10690526843948626	0.00021535067150365883	0.2262035939613911	1.9360081870659592e-5	0.0
0.0	0.164084712871285	0.16082316337519753	0.10540421798631355	0.0016201547411085907	0.10613714902305801	0.002529417436624554	0.10654209606258958	0.05516895530353576	0.017892582956776478	0.00028707663789360983	1.5638106811349695e-6	4.7874293518306915e-6	3.1756197857990793e-6	6.399238915999955e-6	3.1756202553672765e-6	0.017391100439253897	0.0182423549932359	0.017352072104165138	0.017603970589914524	0.0
0.0	0.22978488513305972	0.017586075115271802	0.11034687673416796	0.017013705495809807	0.01790135974820798	1.522189599075593e-6	0.018050938572316738	1.5221895995668364e-6	0.018128271109753607	4.934522122989858e-6	0.018161833058117142	0.05610071777320412	0.10656377704658973	7.674150183606278e-5	0.10707252523368446	8.029839920350269e-5	0.021547950718845042	0.0002551522097236167	0.016991800294254532	0.0
0.0	0.017435776528374105	1.5118095587051776e-6	0.017429487674807793	3.1236191242450987e-6	0.017428461738966422	1.5118095591492668e-6	0.01742825165964517	1.5118095587051776e-6	0.017428197350359907	1.5118095587051776e-6	0.017503572794876326	1.5118095587051776e-6	0.017506854390113975	1.0768126019159972e-5	0.0174325945208494	3.1236191233726653e-6	4.735428704714956e-6	3.1236234531660857e-6	1.5118095948838017e-6	0.0
0.0	0.017515204955585704	0.055597563626183344	0.01754324796579605	2.30414637458688e-6	0.00028343688459142	3.915955502610835e-6	0.000289937661409995	4.168534568748503e-6	0.055856294394871706	3.7929034569386052e-6	0.017433208525078528	3.827553924783625e-6	0.017577306301134493	1.6376199400101177e-6	0.01811359762675413	0.0010530330141496243	0.01862975529255164	0.001053475386922271	0.017528313567008638	0.0
0.0	0.011716856626800012	0.1614496937634746	0.16113521438268574	0.004422038607904113	0.29268847410389015	0.00011620764952430143	0.01740242359658153	8.128033751616811e-5	0.01819885821624687	0.017164646794539034	0.10704039250750734	6.11202807715475e-6	0.01805658194905663	2.4222658979433575e-6	0.018169404189004933	1.5455613216302254e-5	0.10694577022456576	0.00017893661402129842	0.10806381249815819	0.0
0.0	0.24654530164100344	0.051612184250829356	0.01752094485111233	0.0005787610972489415	0.01751317729057425	0.055290939085848395	0.018941547069685857	0.10638357109377235	0.017172214189136725	9.686380487830403e-5	0.01745194652937741	9.841962892683881e-5	0.017396242324363	2.1051037009114878e-5	0.017464253457907298	2.5337314301523553e-6	0.01746700178476268	2.5337309605915166e-6	0.017454371762515422	0.0
0.0	1.5118095607560307e-6	0.01742828491437977	5.363202061566203e-6	0.025184979067212024	5.363252905544468e-6	0.017434808213910826	8.418061027149796e-6	0.017398060256136896	6.803186969155281e-6	0.016948131856220707	0.16613418243267247	0.03522344983147276	0.1061292729855044	0.024439785022936863	0.05560160484570004	0.0156686970431603	0.05571706367214612	0.017372427092143625	0.00010301851792871035	0.0
0.0	0.0002953483061440778	0.01761331935356434	0.000295348305210756	0.017430063485836186	8.350635389519487e-5	0.017621569569945515	0.00016676568906142696	0.01727734557040698	0.10697887482728334	0.01716956107127228	4.201697406908034e-6	0.017432111731529087	5.816392417242611e-6	0.01750587156653217	3.378949184742136e-6	0.056311278086970326	0.0003907440701307106	0.0003939676865575285	0.0003907440677135098	0.0
0.0	0.10732766954886354	0.00014604082030071687	0.018390223311926593	8.592726925793212e-5	0.01798646451638212	0.01746217470596915	0.017285717249470048	0.017462242464377036	0.01794925614152924	0.05516686016465843	0.10664439690223254	0.002303670235843663	0.002360746820505777	0.0002599945605336197	0.2275827014472539	0.0002433192827515141	0.10614551466414207	0.055174717414088234	0.017532019413753427	0.0
0.0	0.017961935685042035	9.984128226467047e-5	0.05528839584215203	0.00017448924973685026	0.0001056222292320213	3.693252364819771e-6	0.01930262919038902	9.968010859843313e-6	0.22844976091360114	0.000517751801100437	0.05784267771938929	0.00046348323948239273	0.05543233824827558	0.00029518514315648265	0.004670946442141979	0.0014082017022836136	0.0011277914658478136	0.01663345555017882	0.24411264843910851	0.0
0.0	0.0006132022697836299	0.018971675650545007	0.0006175770069649186	0.017982755784870484	0.05505639084409906	0.10728730623197671	0.0002534262606591674	0.11161800089071489	0.00010151388801048637	0.01728419429130718	1.2043239565216173e-5	0.018061977509071677	8.99017599931893e-6	0.16744750965188263	6.055443821986126e-5	0.0034741482566958306	0.00030574075531552257	0.003542513650151476	7.928570191052352e-5	0.0
0.0	0.16419668144225075	0.05712749807065611	0.2880885288848554	0.1590210535202291	0.0545571050549135	6.164538400200199e-5	0.056285682883499014	0.0001995880124650311	0.4183966624616626	0.0010932817375235624	0.06057462023832105	2.3207576231188734e-5	0.056975605626908996	0.00258334327970902	0.05747801126676887	0.00014306873115899234	0.06527056681749083	0.014749836016506677	0.06450600346969139	0.0
0.0	0.017379149641333202	1.511809559356062e-6	0.01737346268604112	3.123619124984558e-6	4.735428704566152e-6	1.5118170101662937e-6	0.0014069219906098424	0.3240583288614529	0.32406316424134807	0.3240599414653456	0.002642022037220626	0.017632331141783343	0.035059739621946126	0.01763200221590307	0.0572687777579298	8.180791482731156e-6	0.017835749312747978	0.0003130863218796266	0.017631772471137487	0.0
0.0	0.01724477968308594	0.017879078056590836	0.10791548370665337	0.00018322989966707587	0.01990436429206955	9.113347336676256e-5	0.10341671848815705	0.017221114603750715	0.0009573270977251569	0.0008083028110134295	0.0010360918550261621	8.485705601366626e-5	0.025240255670477107	0.0174136562177668	0.0002963965898328593	0.017431554308551648	0.00029455413560764516	6.317752486547965e-6	0.05585121607860269	0.0
0.0	0.020491243074401085	0.055412638303885396	0.025448393051300967	0.054579531191607515	0.16569428220353505	0.10589719177314824	0.0003170329580691841	0.056623530086589095	0.0002991244967285798	0.0005867227647994345	0.00029719924100025106	0.05599913364827026	4.121173052018433e-6	0.0002990267962183213	3.8049489889806583e-6	0.056127501931766674	4.141138475515004e-6	0.00029829278009130424	0.017237141046870894	0.0
0.0	1.5118100315617727e-6	0.01720762972969321	6.032034528606187e-6	0.10690962032797603	8.551545704288823e-6	0.01728644443423434	6.077047777326525e-6	0.10739353494515953	7.611213428129832e-6	0.018052593545509348	1.5118100382415374e-6	0.018951629428315003	8.440305979420169e-5	8.601486901000429e-5	8.279125022621591e-5	2.6857280201639977e-5	0.01743723952096926	0.017056518050610356	0.017453702919696803	0.0
0.0	0.0019157743085098978	0.02690179400594	0.01917529177725652	0.0018699817550678567	0.01926443821911869	0.001870004087950133	0.018592002829170024	5.061385106181356e-6	0.05617842661687057	3.6857150933032388e-6	0.017422826992112537	1.5118522274434466e-6	0.01739011648964297	3.123661289024806e-6	0.017429395094862084	3.1236612900170684e-6	0.01746417756223311	1.5118100478942205e-6	0.017492152193112162	0.0
0.0	0.001117253898868985	0.017917184500127473	0.0011172538988685555	0.01750059586762639	0.0002933315268972904	0.01742797904400094	5.583052409712547e-6	0.017507270593419662	7.045967681961604e-6	0.10555592907331679	0.0010560416504065255	0.05706293866102504	0.0010240163028678593	0.017500993084046092	1.5124413323731112e-6	0.017427993945486386	3.1242508931551107e-6	0.017435429024287935	2.355113011566808e-5	0.0
0.0	0.056517127429404325	0.017314067939437003	5.046628072867151e-6	0.01478757078493031	2.1679318169810424e-5	0.025848041732984887	0.0110691619000552	0.025875325621860647	3.3475471849713445e-6	0.01769287756878883	8.587221125710176e-5	0.01754027290298425	1.521783407306252e-6	0.01743153049130486	8.662806788580534e-6	0.01744097287307997	5.252905188079924e-5	0.017347265812916006	0.061350603861997734	0.0
0.0	0.017404891231047777	0.018258707226339356	0.017333570690164245	0.0555959253029524	0.05457209166080047	0.05551593348306883	0.05662156393085549	0.01779283799883517	0.018301236372597573	1.984988943585686e-5	0.0011388049683009453	0.00010427528740041461	0.05566215491014019	1.823316734427041e-5	0.017657828658862607	0.0003128533937919401	0.017664434460087676	6.814345147181285e-6	0.05604918292355749	0.0
0.0	0.0002544177768263103	0.01753054711811911	0.05598302230067355	0.00020865190279714842	0.00034174317042627166	4.7133262980684413e-5	2.4078305988136944e-5	0.017526061566894627	2.6404499569671594e-5	0.017421162699093405	0.005419948531956771	0.02259212610182188	0.05292003473221588	0.416784655827148	0.15344485158972898	0.019804756301564252	0.0564626501043063	0.018611954131360988	0.00018585428877866515	0.0
0.0	0.0010214436494580025	0.0556745381163535	0.017353809536441465	0.000290340880888668	0.01742802741376475	2.7219269612603098e-6	0.017466013776312014	2.721927403058912e-6	0.017467903778685904	6.430176162001794e-5	0.05721772332836702	9.26653445510917e-5	0.05649811469906714	5.3020159811076076e-6	0.01742813986224001	1.511809971888429e-6	3.123619537038379e-6	3.123619541686005e-6	1.5118095838775276e-6	0.0
0.0	0.018908896092109488	0.002354222289090464	0.018651965545145015	0.1153584017747649	0.0003063901334857725	0.0003096137514005779	0.0003080019421427333	3.0330741156205825e-5	0.0012209601570382519	0.22222249353285958	0.0009695751608638895	0.22905765390206345	4.504143901417523e-6	0.018047051172750555	5.723331008346503e-6	0.018630478123659415	0.00016437668657843434	0.10697698586888178	0.00012766262576056106	0.0
0.0	0.05576047956769342	5.842988144020611e-6	0.0010140073606709724	5.269305402344293e-6	3.5080209479985736e-5	1.3116397486891098e-5	0.16497198639120558	0.10470103025415749	0.05559104472972025	0.10594037646797685	0.055980509867341995	0.05539579058123005	0.00344031252782835	0.017243714518395032	0.05714024657116353	0.01721643750394408	0.0010034723659356913	0.017362298700585914	0.018619654451712334	0.0
0.0	0.06321676455654948	0.010314430115641348	0.2955281742542997	0.05343626722085951	0.06381828219645226	0.0009380775985460387	0.0639656814187581	0.0014327639297223652	0.29240931000302806	0.00033203092185004924	0.05508861221979938	0.0005257528770480446	0.1816193864151628	5.237129557777046e-5	0.056118092477920586	3.322702633763195e-5	0.05873578955555374	3.354544494911665e-5	0.0564761381880847	0.0
0.0	0.0034317868971633146	0.10437637131481625	0.16426011860823364	0.01858657569597126	0.056750769169915866	0.05527659072889265	0.05660415915706851	0.017389141759887324	8.5239440129482e-5	0.01754119111024987	3.9706919518402635e-6	0.056423210613639474	3.6977700556059325e-6	0.017581893686535337	0.0002975732430894019	0.01751166432042578	4.337764732797408e-6	0.017355218413679915	0.05577130584261108	0.0
0.0	0.0014361391883411232	0.01881034028817845	0.001537743756018406	0.690944654401314	0.6908803762969943	0.6915841744654071	0.0014340041775049949	0.10721186516334523	0.054754259737182745	0.1072026935447662	0.0011566945566750613	0.019229502466572335	0.0010884933936260654	0.0036170388244061375	4.964918994643825e-6	0.01766344742622391	0.00030483403766134087	0.017501127282690657	0.022089683361968787	0.0
0.0	0.056116490273242094	1.8101012117924253e-5	0.000307822228737223	1.8938692805226217e-5	0.055758737195426414	2.4651074230295726e-5	0.05731037544712584	0.0010675256832023965	0.16748332310832928	3.202233116620633e-5	0.05572532307179978	3.0025957327054118e-5	0.16870756410715756	1.3046837537064116e-5	0.0003019772141191681	2.694845453878743e-5	4.908008398077628e-6	4.908008866972599e-6	3.29619883274643e-6	0.0
0.0	0.1073870042385918	2.3455176999690652e-5	0.0003856372728772601	9.764497183022792e-5	0.0003710743668856028	0.156346239547601	0.3495221376872355	0.003467631591309983	0.06014293603085688	0.003357871029125808	0.017650297965832014	0.000300922744085543	0.017658629027422674	3.921543198400008e-6	0.01794102708182964	0.000801903559935985	0.6927550214450886	0.6927112917491444	0.6927344314457047	0.0
0.0	0.0001595372431864583	8.612485776190171e-5	4.0981044632914975e-6	5.7099135755192905e-6	2.4862944462981118e-6	0.1058211030028234	9.422305049055879e-5	0.10679797687014209	3.8818512745364356e-5	0.02231985936003802	4.162534774696024e-6	0.018788193979338785	6.171428528570001e-6	0.017329828213547394	0.00012615678602480217	0.11076084317195774	0.00034836389978356143	0.10745443152487753	1.5118095607223912e-6	0.0
0.0	0.00022881634157416984	0.017858711850463217	0.0003151648789022411	0.017711240109468507	0.00023068311098540273	0.056238132241169476	5.766493327946624e-5	0.05588927664834131	5.162160550782651e-5	0.00028137617328890684	0.10632477849391826	0.0002925788623215316	0.01797152030676138	0.05562302806896209	0.017872052857728405	0.05516984608557765	0.10592528059775967	0.02168113405233677	0.10662685165598912	0.0
0.0	0.058089457546748956	0.009372957447133774	0.6929343656395187	0.6927268362628127	0.6927405761000826	2.8149579779917846e-5	0.01788509221838697	1.5118095771719314e-6	0.018244432841136825	1.5118114566452071e-6	0.017502578395986037	0.0002935269380901845	0.01735481835801831	0.05514014018074777	0.018321154925489146	5.502874834666449e-6	0.01811452290535278	0.001045180618554973	0.018063895326591906	0.0
0.0	0.0003050045523164972	6.357309664144972e-5	0.0003423527722302078	4.260334096830257e-5	1.8741194543845117e-5	2.0353003669906338e-5	1.7129384602527538e-5	0.017658560575029316	2.3461107220547624e-5	0.16860827098176165	8.796792779067764e-6	0.017517430768039154	1.289151844742353e-5	0.017437967270852298	0.00029890317561557535	0.017505323926966375	0.0010300088443314101	0.022005088440285387	0.0010261820104483389	0.0
0.0	0.004605225976466239	0.06055677833052747	0.004611118770982916	0.01795529329369891	0.059216931255522666	0.01765610303205277	0.017865271942916098	0.05704550966069693	0.0036313669060148842	0.016235190144438246	0.006743274480874427	0.4932428411539486	0.49096954254950986	0.5084351771656842	0.4908989490500839	0.49897989169271145	0.00033518389273120013	0.056172722503565205	0.00014280970849621692	0.0
0.0	0.18171587623025523	0.016975647769518265	0.0010280697177483746	0.01860261779456575	0.001030004761533559	0.017500055916832086	0.0010779562763452214	0.017552243134590893	0.012345855419471313	0.06599305123459231	0.012343994466162146	0.0004086745877628685	0.05470510206165216	0.0002874355435975004	1.2311874889610904e-5	0.017514236040284056	1.23118732766924e-5	0.01742920140066886	4.357689591672896e-6	0.0
0.0	0.109104311365086	0.01702369090432991	0.019327612244757028	0.10693380291209487	0.055065846786903946	0.002011786948177821	0.1012704149967096	0.1924998761001584	0.10280143583128491	0.10158373784211594	0.17219637104608876	0.016903535091838482	1.5118831974281714e-6	0.01742783337526864	3.1236927585799364e-6	0.01816032091054216	3.1542480563880115e-6	0.01761318281082057	1.5424403756889108e-6	0.0
0.0	0.055622534548791625	1.314791021763836e-5	0.05619449456622529	9.530936035431001e-6	0.055375830166224174	3.93187421804003e-6	0.002448858960446358	0.019723701024015137	0.05740787161164969	1.0492996846889999e-5	0.05876887297615559	0.004622327962629876	0.05813559298148841	5.389623038263124e-6	0.00028705062748770954	0.017285589159343636	0.055451883769067276	0.0034701869079545203	0.05567129323771757	0.0
0.0	0.05615688974759767	1.6584180515881434e-5	0.05632953730037561	5.309512600860392e-6	0.0002934867827755332	3.3752283511082016e-6	0.055739728286773996	5.335796600803847e-6	0.0005479011026562783	0.00029900210301221175	0.056020766944406115	5.116536670276989e-6	0.01743041417829716	6.334393926882672e-6	0.018633635220630315	7.19944914719736e-6	0.00036562057561894925	9.296796680210171e-5	0.055825096208905425	0.0
0.0	0.005237112875624802	0.1064059487574019	5.2140510255446366e-6	0.018093027524687454	1.5273950793638909e-6	0.017502392907787132	1.5273950655299468e-6	0.017392225271696336	0.0003018828274771142	0.017768460670884147	0.0003034946391636409	0.018243780124407888	4.676157292788216e-6	0.017505630704846894	4.6761554955505945e-6	0.017502015406924556	0.0004294241461124738	0.017977032395077353	0.0004294241453754965	0.0
0.0	0.05484638865226549	0.05557218537201565	9.129058348511572e-5	0.01839400212485875	8.495088951938087e-5	0.00029619794857164647	0.01742773205411705	0.00029280172613892083	8.624082851908999e-5	0.056047707108388724	9.374849936342168e-5	0.018509083530670233	0.017458031115873376	0.0796894985683255	0.011264183188724991	0.029928230598521073	0.011243808347893763	0.011243808347889002	0.011240584728765737	0.0
0.0	0.018252906615589967	0.022132899332153344	0.017417803764786546	6.191136073235035e-6	0.017505310079851358	4.064564053657275e-6	0.01826732543613033	0.0010295735927681544	0.1087554912418742	0.0010314370179237092	0.01788450365212456	0.056024112217202805	0.018589593731361254	0.01096175807221289	0.12085971192086897	0.01093318444559691	0.02315484803276609	0.007975532182746308	0.023018661437397753	0.0
0.0	0.019547914447673405	9.244638820025516e-5	0.05559464068160107	8.641929999745772e-5	2.600190070054179e-5	0.017354338402126537	0.05505450278222118	3.6980154261292876e-6	0.0010216716170043483	6.231330408567638e-6	0.10919228220644572	3.123621744687033e-6	7.959050439752233e-6	4.735431308672389e-6	1.1182669568389578e-5	4.735431307562161e-6	0.168396581676018	1.3008641821302266e-5	0.01613300661169559	0.0
0.0	0.02089360452506713	0.023093400068297805	0.02089365119316	1.142711706154636e-5	0.01761674307437506	1.3947447115828935e-5	0.017619846188922903	1.5551144141079495e-5	0.01754846051255403	9.693795708294336e-6	0.02500339137391356	0.00977612539825881	0.025131818574473625	7.305892839136227e-6	0.057084986984285185	0.0002485576607114847	0.05627496548737924	0.00017952070900234326	0.10814087452010443	0.0
0.0	0.002755446774910463	0.11193718634534489	0.0028804617983858635	0.1611583718122266	0.2227085848197674	0.10391238585712201	6.176571651536507e-6	0.017283574375619566	1.5124281758936955e-6	0.03145173805541319	0.01760845946156113	0.03499569543866475	0.0349220475498656	0.07315157620859344	0.018139205583484277	0.0666378790068496	0.022108586570681547	0.10437117154581044	0.018746038858101235	0.0
0.0	1.5118728607747549e-6	0.1093497413369366	8.448230463345454e-6	0.022018254266150547	1.2079677420917473e-5	0.028883168308033363	0.012975289140907892	0.12031603772702687	0.012961680242643766	0.028234470258008886	0.005683054908116845	0.5006137336591623	0.0009030239908821169	0.1070914688055419	0.0002992691832992494	0.018219219239020465	5.958494496994716e-6	0.10704209865218679	3.047330346742624e-6	0.0
0.0	0.018070888417231652	0.0010915235517904543	0.017989413680160764	0.05561718443317873	0.017354164601299807	0.0002908871411551977	0.017419874520767473	0.002233377785704057	0.01741776614857739	3.124233264001594e-6	0.017430289274773126	5.7885763173159606e-6	0.017577004109765478	7.908504084843606e-6	0.17300134591953895	0.02562025178891132	0.04614279905703455	0.029723943540360773	0.020305950084455078	0.0
0.0	0.17219932716027403	0.06861966226520608	0.6932803661261422	0.6919919288219192	0.6920174976517175	2.686951048439712e-5	0.017470450029786633	3.4359453560278066e-6	0.017431760617566825	5.0478753432598015e-6	0.01749904081874548	0.0022150811557434835	0.022095690037495286	0.005917792438484006	0.019586694824006476	0.11212240511213377	0.22259909774496592	0.22096071648160195	0.10445905225054157	0.0
0.0	0.00044218766289306604	0.0003831743641137831	0.05559398701277073	0.0003861922840775847	0.05553916692617802	0.017364960287236983	3.301501623041154e-5	8.879555148543451e-5	9.040736069782236e-5	8.718374191244776e-5	0.00016786447974901787	0.025630961495062023	0.010820151928605066	0.02552291485720746	0.055748194695286614	4.7297118380487174e-5	0.05572516016867847	4.324765058422417e-5	0.00010841672392253607	0.0
0.0	0.017561355184376674	0.0007917849557217012	0.019124145243456424	0.0017146734391265703	0.01871163538472386	8.197081284983329e-5	0.018029446219716954	8.397159891904409e-5	0.01812056993252913	0.017231640526563684	0.10425285874679331	0.06980881652834739	0.16197126725559008	0.05408206771676701	0.0035375861368820557	0.00014136661815028058	0.018503639812977382	0.00016697911600083748	0.10723923690233797	0.0
0.0	0.16830972070379233	0.006920242514603781	0.0073161540658596745	0.0005426040844516808	0.398556810031797	0.0021434452915278213	0.16448785998658244	1.9314699440314008e-5	0.0002622850641655084	1.710640742313241e-5	0.2950785274115788	0.0003273364258424712	0.008842948874450848	0.00037604700297437884	0.16879682787398317	8.069255619631644e-5	2.5727751776827916e-5	0.017444740719646436	2.3563999344720445e-5	0.0
0.0	0.10779594348256312	0.017275108949311387	0.23097695986625846	0.02080049197646373	0.009017854906027897	0.021075419323612763	0.10700125525669932	0.017264868313794306	0.01719485014623227	0.009353674166803261	0.6926450153881807	0.6926466249215801	0.6926466270518309	0.011201545812348493	0.2304057039918584	0.00029671618503707093	0.017899694534974073	0.017350669676126054	0.017676855247630234	0.0
0.0	0.012800619961431179	0.2753157633898617	0.26984199808476333	0.27506272553177796	0.000878231441192921	0.018425060606549526	0.0009572236164928016	0.01805431543422658	1.5198180598189767e-6	4.737013171788716e-6	2.1267939264217177e-6	5.350411217408208e-6	2.1267920845137198e-6	0.017426022629797634	3.973668099106367e-6	0.01743058531166493	5.58547765965279e-6	0.017505497359386037	3.973669862283217e-6	0.0
0.0	0.01743793809363536	0.00029279787225005807	0.017291991642525838	0.003619460014933434	0.020974041746162776	0.00361120635931654	0.017503882409019386	4.723159264898525e-5	0.01744474045336306	4.7287369916519084e-5	0.017544228680270182	1.2299285101454242e-5	0.10882385999306472	0.0001448781307682476	0.16897653919860448	1.9844271432456754e-5	0.018040049913528308	0.0009286564217235659	0.017981051622153122	0.0
0.0	1.5147738014508149e-6	0.05634481473085705	9.157492171503324e-5	0.05583497309382278	5.278839324590598e-6	0.017070408021189785	0.00019651332924007465	0.05574160417811831	0.017367014590584224	0.0002986387432848466	0.017362635276819766	0.05608682262504677	0.0006292246904518085	0.056822208471234585	0.0006232941378048209	0.00028630103737692613	9.154142010731484e-5	0.05548554987459299	8.807290445154424e-5	0.0
0.0	1.5118247451078355e-6	0.01745686016924055	6.599274920475872e-6	0.0564249280983924	6.299330834769826e-6	0.018550959368687187	0.0018642046587937333	0.01866276458224274	3.441789479633874e-6	0.056273864746983544	0.017933851566254665	0.017390883471134017	1.6374824138597213e-6	0.017386181018741023	1.6374819278252083e-6	0.017384025167471343	3.2492920746872654e-6	0.017391480300481304	0.01813561499887715	0.0
0.0	1.5118095595933562e-6	3.1236191251332907e-6	4.735428690229377e-6	1.5118095602179607e-6	0.056302356056214344	3.6932927494828415e-6	0.017471113050866408	8.4352238624137e-5	0.017395262398235547	3.123645792152333e-6	0.0002761046716974634	1.511836153888758e-6	0.00029262859787565883	1.5118361534208047e-6	0.01742813765757204	1.5118361718373585e-6	4.735455304356757e-6	1.511838101160494e-6	1.5118095623046731e-6	0.0
0.0	0.10919357960871559	9.429557426328554e-5	0.051148949699346816	1.8113698651506434e-5	0.06333653401576897	2.3535753748204928e-5	0.10147862384457101	3.613976004097792e-5	0.017849535661369816	0.00011348054661898737	0.023095261702871343	0.00024296493683083356	0.056660623895111215	0.00027837973213894163	0.05610484150588873	0.0001312906100454875	0.01594555811830213	0.017433480796037935	0.023338521681769954	0.0
0.0	0.016205635868014604	0.3073997786879731	0.004248635967291428	0.16723671821820882	0.0004779171318229388	0.024163569437486467	0.0005364685203047431	0.024031612225468797	6.156976256677365e-5	0.10887337842195466	9.940518407685817e-6	0.017284830682209408	3.4449740064389905e-6	0.017279920196837478	1.5124308352077277e-6	4.73604996545029e-6	1.5124313041454923e-6	2.5214733024279103e-5	0.017463431411483685	0.0
0.0	0.0006344596718429464	0.000933537183059644	0.0006379397186892445	0.055850065645382176	0.01709222872354497	0.0002879338957406996	1.0490811479856689e-5	0.0558816099015829	3.838995342764999e-6	0.0008843432526907514	0.0006529007785620058	0.05630065656193369	3.201652759207343e-6	0.0012466884568928106	0.16406558100816804	0.0035073903438713546	0.017519682303637464	0.01878652367003989	0.01753921532587335	0.0
0.0	0.057796451625056346	1.0760535703990652e-5	0.00029583319572897373	4.751300044045803e-6	0.05658562032125119	2.1800338278579452e-5	0.10886018992716245	5.739702889607885e-6	0.018108471063432545	3.7771285947384327e-6	0.10553180802605744	0.16430828120241464	0.05461545653258352	3.6664883224521345e-6	0.00028957049854783453	3.1236191249652613e-6	0.0003142776568462966	3.3808415184838836e-6	0.05615215148171255	0.0
0.0	0.01736029377954242	0.018170235868898384	0.01736017352464788	4.703268847255977e-5	0.01744474191369615	4.713699589968063e-5	0.017435192410514166	0.00028995661457469096	1.7618613896895698e-6	0.00028580917483369964	3.620777825735945e-6	0.05574303670221056	3.9277560158637366e-6	0.0002809482335168039	0.01742602563904147	0.00034678759269833994	0.017509534504081284	0.0003552418361683095	0.01745359012693081	0.0
0.0	0.0174485536442113	8.404772284781602e-5	0.017479374183076248	3.702974478507156e-6	0.04294872378850412	0.5733381127266381	0.5513481267677836	0.5713379403522678	0.034694567833587465	0.23297800390472984	0.05259154371548647	1.948432459886231e-5	0.05640926438594509	9.487272558887317e-6	0.017527973549915813	2.5894097527831602e-5	0.01763780515894825	2.1702044860065068e-5	0.017617782133426848	0.0
0.0	1.5118218884809968e-6	0.019599319811511626	0.0030446681823007	0.01951975682449103	3.4793436547109597e-6	0.055762463942543326	5.302451514029091e-6	1.2058631990292704e-5	7.725990966409437e-6	0.05551207426645762	3.6816850278029244e-6	0.017506263316133187	5.461789998144376e-6	0.017396791707799335	5.461035978541841e-6	0.01746785225267667	1.6724642789184565e-5	0.003590165585445259	1.672464279293527e-5	0.0
0.0	1.512150611415879e-6	0.000290121441213919	3.1239601764595124e-6	3.3203432230146525e-5	3.276929706158201e-5	0.11144409139721723	0.017110735371740578	0.05977439152587112	0.017145927439141007	0.05606223648846955	2.2796545480427226e-5	0.0003082248944535061	2.3761331248002286e-5	0.000307821681091336	1.1416574912118355e-5	0.060008528221466996	0.017201918367612035	0.00028598671896517386	0.01745429840291113	0.0
0.0	6.742195046349283e-5	0.017560743006929336	6.903375733923011e-5	0.01758628284968195	6.903376533826558e-5	0.016877458642481184	0.11896282930590764	0.017063784314003703	0.02753242312046619	0.044956462982490834	0.027530806824707668	0.017501877562439812	0.0006382082823989234	0.017928488142731843	0.0006382082847140491	0.017306698094337138	0.02122288337824617	0.018106370135733792	0.10655370251589383	0.0
0.0	0.01772270370414448	0.017457078260769886	0.017954483987105543	0.00031585118823659593	0.11024781873304688	5.732667797755587e-5	0.01769658129815491	5.0795221785041725e-5	0.017230802487839345	0.10738359019770265	0.017302909421166152	0.001079062553966561	0.01873014907841918	0.001079062802266606	0.0004110447769972185	0.05548454224405509	0.0004058494562219331	1.511817257929307e-6	0.10877044681515348	0.0
0.0	0.017435473316137252	0.0002866310753224301	0.017425987194048302	0.00028594537465335393	0.017353556312933595	0.05562099718729952	0.017799097780172298	0.05562134891839908	0.017354518790263406	6.861217670711289e-6	0.01750938332973343	6.380069608141584e-6	0.017133764380795443	0.05561921671149141	0.01709976454214964	0.0552539451374236	0.10594301030859632	0.0037802261085127463	0.16545090740434162	0.0
0.0	0.06143099726530522	0.019071200858404597	0.13064462681794559	0.14848533277414597	0.13064822378521154	0.06207055457447652	0.6796440809055593	0.6796505281360603	0.6796440809379132	0.6851904086399941	0.6822600300685376	0.01160286873931225	0.05582976621191927	0.018083384185818178	0.00016557886296430298	0.017669585912039674	0.00016518825763205212	0.0001668000721190079	0.0001635778095076018	0.0
0.0	0.10737602710956887	8.563319353817261e-6	0.017281287553379425	1.511809578475723e-6	0.017502400210695802	1.511809560259661e-6	0.017429069990907334	1.511809559593356e-6	0.017429070634654088	1.5118095591492677e-6	0.017428197550667855	1.5118095591736652e-6	0.01750248877990135	1.5118114385183863e-6	0.017503371565047717	6.666541693217463e-6	0.01750925450856334	5.938224717072672e-6	0.01931593493671328	0.0
0.0	0.16607650964361376	1.6153428173927462e-5	0.0012865696630428227	0.0010564215904688011	0.0012924804260967574	1.611673049937351e-5	0.16662663894004945	8.235488441799602e-5	0.01869641587855177	1.4972326652945366e-5	0.05596471713794517	1.2726397024729897e-5	0.05585077033433982	6.397167082071392e-6	0.0002930225263094238	0.01700733617427978	0.05613044685612116	0.018122479910857556	0.0008348899872184074	0.0
0.0	0.01743542168241054	1.5118095612064354e-6	2.5292230549807596e-5	0.000322684082617119	4.992754695238586e-5	2.845557907498701e-5	0.01742738918211697	0.0003605644079073917	0.016700551685651915	0.16571307620576037	0.003765515172018398	0.0187668140683131	0.029839189736521735	0.018674621474026227	0.0003540688974891353	0.05689665410381961	0.017137820560315042	3.422013522513052e-6	0.017383729789627773	0.0
0.0	8.210659283427584e-5	0.00044608607904486397	0.0001704389220702876	0.000367385959447024	6.362066977848839e-6	0.018780434342527037	1.4281390819767774e-5	0.05602521863803469	0.00029300161194609794	0.0005454062607778724	7.821351980471306e-6	0.10709196260355008	8.800357742094686e-6	0.017435432348695722	0.017429830641957772	0.0002940284433628653	0.017356242188672946	0.055373023954848395	0.0006392590446951361	0.0
0.0	0.009098384476763153	0.05382391887250083	0.22956209051629287	0.00012023349368318992	0.0195671838471164	0.00011709301931072245	0.10686583141304123	0.00018385849333169728	0.10786183108437145	0.00014908671212680283	0.017875558361549887	0.0001917001270833246	0.6900189334674356	0.689833451603127	0.6916180116077749	0.02965306133897844	0.5527717442017714	0.5508609218013014	0.5522880807290185	0.0
0.0	3.955799693592597e-6	0.0002955191427560425	7.179418392814784e-6	7.179418410684672e-6	3.955803255676502e-6	4.809968866877905e-6	8.205899690629287e-5	0.00037148638584702493	8.205899690632814e-5	0.000288337831029878	8.16331839801741e-5	0.0003781503026155576	8.350199612529863e-5	0.05619822222853054	0.00030321192876413115	0.056450496809004144	1.9897574179022988e-5	0.05655748268838871	1.1681415884407093e-5	0.0
0.0	0.01747846228663242	8.437211485768129e-5	0.0174744162920144	5.0124206743073145e-6	0.05304654731064085	5.305969706074e-6	0.017201005587541188	0.05657277975552913	0.00044504808688348275	0.00030880244332379873	0.0003136378709074669	0.0003104142530269307	0.017439216687661022	5.761040331754192e-6	0.0173306206858183	1.4553996866320135e-5	0.017394666467755067	1.294326591291386e-5	0.017453089860729035	0.0
0.0	4.895226694953303e-5	5.219465738871718e-5	5.217588597362824e-5	0.01752527387638728	0.0002897878440475724	8.158131372386639e-5	0.0003660697310624995	9.41995712097882e-5	0.16796859054922855	3.065336762703859e-5	0.000314980544049366	3.465923232829977e-5	0.00032485204697329145	3.475818102042112e-5	0.00018574422055069606	8.70092132109595e-5	0.6931270730514183	0.6905033615352933	0.6931105698406337	0.0
0.0	0.055268128404065	0.022705189666349927	0.01746515409076319	0.0019649576351221873	0.01939966372761355	0.001663948841773661	0.01760769709050802	1.5118120098687565e-6	0.01738776287430536	1.5118095696298691e-6	0.01742609418818895	1.5118095605072838e-6	0.017427014356198558	1.5118095604816056e-6	0.01757788251150047	4.8080485464252055e-6	0.11015594792061288	0.00032585248636847323	0.017699193211136104	0.0
0.0	1.5118095603082618e-6	1.5118100218557785e-6	0.10589317228257648	1.512001324239741e-6	4.735614820777148e-6	1.5119955337184433e-6	0.00029519760643480393	4.756055875049198e-6	0.056307223005291646	9.5804944192689e-6	0.05540899584990026	9.35433712306837e-6	0.05551438148224276	0.01697143088087468	0.05573525847376129	3.6772268314866833e-6	0.00028878607207526554	1.2966932459085732e-5	0.1668589926387962	0.0
0.0	0.017436172694446615	0.0002893314792125286	0.01749863752547781	0.002144904019984791	0.11018091361332022	0.0022051736749146376	0.10720353352834659	0.05515501456647578	0.017946162722442933	0.05563238916167958	0.017365569381737472	3.751352044359055e-5	5.9120171686256015e-5	0.00032934407616304676	4.708131165975556e-5	2.372170994715002e-5	0.017426264627923193	3.1236191252379187e-6	0.017454226810888807	0.0
0.0	0.11067807113775815	0.00031737631169831545	0.16602557355348524	0.14133742301434124	0.1652769654403074	1.0328280099329596e-5	0.00010087968417581434	8.296795245827183e-5	0.003490616913552279	5.786735447706487e-6	0.0010241551505151417	0.017148350885412993	0.16579105665855362	0.017097193856319356	0.055930178677968366	0.017175258265455094	0.16618055191493755	0.01699565952497687	0.16902536798199227	0.0
0.0	0.05573026743698256	0.018991965881480992	0.05516867338412504	0.10439078091450278	0.01731926709366407	0.001122265214578986	0.018650375970948214	0.0010407271418361678	0.017429105568910908	3.878664472814988e-6	0.017360726960127793	5.501056223503429e-6	0.0172020093236539	0.05794720955192308	0.017204071305956168	4.147130369959912e-6	0.017391796798670874	7.233888144723147e-5	0.017413446147319645	0.0
0.0	0.01750019981683563	1.511809632118706e-6	0.01759354184849543	1.5118130307405195e-6	0.017309052153559972	0.10264925643298187	0.017217128531004	2.2147655948681602e-5	0.01752157235397442	0.00031553240635890924	0.017603647252362596	2.0534417968957957e-5	2.375803716423952e-5	2.0534424300339974e-5	0.001037624947955354	0.11779822250387556	0.01720758809888364	0.054184594685908284	0.017378530717931866	0.0
0.0	0.017435611226915327	1.5118095649221434e-6	0.017426017355708725	0.00028478630214164925	0.017427633115810515	1.5118095647702825e-6	0.01750284486817372	1.5118095607311224e-6	0.01750289917079729	3.610120557138971e-6	0.01743186473009274	3.610297874344421e-6	0.017542584430154627	3.378395689565217e-6	0.05577778236468517	0.10718233031646188	0.017574216242977808	0.000963869938173223	0.01781823375585669	0.0
0.0	0.01694651045344041	0.05584381265379076	0.00012446589322259957	0.16746162813573032	0.00011677538105112558	0.004181814807944461	0.004091862756718977	0.05814399105306262	9.433998378007951e-5	0.018369661330390107	0.01763809983343704	0.05621136805893469	0.01846332606327794	0.001342778711144939	0.017433661624639316	2.5234639474640435e-5	8.047149494558138e-5	8.369511374228759e-5	8.047149494737765e-5	0.0
0.0	0.017360362152975848	0.01812779269612312	0.01735222685803812	0.01794868876050021	0.0174272078006444	0.017280616349368356	0.016962391733843927	0.16845887920113145	0.01697161580210565	1.511810116684699e-6	0.017464479155027048	3.1236192198406226e-6	0.017429395054842062	3.1236192193965355e-6	0.017464532291145002	1.5118101182513044e-6	0.017574139295743498	4.739952568327806e-6	0.059841540706166964	0.0
0.0	0.2428533369568346	0.016168151720196148	0.07412295214410346	0.017711916193080723	0.0019049088081807017	0.10758733280844028	0.0002913532395133503	0.01682469556967997	0.01739440050391057	0.0006845974480811636	0.01817386425102497	0.0006845974502680346	0.01744535744298434	0.01845919306801726	0.017309490938184447	0.022867650181023217	0.017418355729888747	8.304110482597817e-5	0.017526141295364856	0.0
0.0	0.0564006639703393	0.017242178427488354	1.5118100847415236e-6	0.017465955318767348	8.445923653861275e-5	0.017541169026619004	1.5118095966982916e-6	0.017540520189651562	8.2904096031979e-5	0.01746683548945109	1.5118095973760022e-6	0.017428425697589123	1.5118100667678129e-6	4.737060384130571e-6	1.8121395453180727e-6	5.035758200396086e-6	1.8121390692055268e-6	0.01735618311593651	1.8121395884798795e-6	0.0
0.0	1.5132379861705297e-6	0.106597537985176	3.1250431500994507e-6	0.016763750655513426	3.125043149931931e-6	0.017424164544925926	8.797932060025448e-5	0.018916554852774763	8.147381840502151e-5	0.0019832763021403327	0.01941459717449193	0.0020051911985652774	0.017441686045224957	2.5185118221247523e-5	2.5004061425589747e-6	5.7240248175479425e-6	4.112215256412619e-6	0.0183223525889251	2.500406141290314e-6	0.0
0.0	0.017435028722445452	0.0010249122331544025	8.693417090383732e-6	0.055676437379663116	1.3717584889648462e-5	0.05884448285418126	0.00316925319512049	0.059243935803383656	2.3763710447941788e-5	0.1094753248195976	0.0009979110072689816	0.023948683374907288	3.4984538384058515e-5	0.0557322566758117	0.0008182389815069981	0.16667212028505768	0.0003271095444675161	0.021920958172091144	0.10598008732381306	0.0
0.0	0.01744031050633445	8.301120714314236e-5	0.017434152102034747	3.123619125804334e-6	0.017438819650047083	3.123619125359448e-6	0.01739028949415399	1.511809560262779e-6	0.017425550150366634	1.5118095600436042e-6	0.01742527873046854	3.123619126507278e-6	0.01735852699975874	1.511810106298301e-6	0.01738955081874174	1.5118096041610343e-6	0.017417851447020977	1.5118095599028574e-6	0.017449130646813676	0.0
0.0	0.6930904252105037	0.6930795092398376	0.6931669158188557	0.0012095282810492543	0.028738047567832478	0.026690710005562748	0.026711294481374707	0.04413646504156919	0.02671444522425836	3.0711512346898046e-5	0.10605297915278733	2.1668746831378403e-5	0.055438389152711376	0.002122744083781287	0.05540036990535627	0.05330819095398819	0.05558106900661859	3.6702644439142816e-6	0.01727937424145844	0.0
0.0	0.0002919774124926175	0.017867304298287492	0.00037706264313994305	0.01750032330892819	0.017939870607777696	0.0561976142590065	4.783479167230304e-6	8.007094212777196e-6	4.7834750830071536e-6	6.3952845557321105e-6	3.1716654614705544e-6	0.01729952667116314	8.263273439629994e-5	0.017538337017918168	8.675561674915316e-5	0.01758815986065409	8.675561673403929e-5	0.00017472208941777327	0.017522403611036425	0.0
0.0	0.6931471190747474	0.6931503421405014	0.6931487308843075	0.009658157544840534	7.385490817331468e-5	0.017205905478297465	0.057569401340344786	0.017295921646411968	0.0003462094488088508	0.017426625857684376	1.7676446563491946e-6	4.991263789024236e-6	1.7676465188382113e-6	3.6772668515781212e-6	0.0005972216340854407	0.017905919289759747	5.869162815995113e-6	0.017428831364867666	2.0884256813903243e-6	0.0
0.0	0.017507987612043745	8.366064635698564e-5	0.017507801225299144	4.749990072269027e-5	0.01743701460543234	3.1236192273395514e-6	0.017540568539066187	1.5118096608246162e-6	4.735428790995423e-6	3.1236192254562956e-6	6.3472383558693e-6	3.1236192259519183e-6	0.0174361983146248	0.00031340433290901354	0.05563774475134327	0.0001037014235619148	0.01889259410173206	0.0022596358225047165	0.018774431631496148	0.0
0.0	3.8732213097285566e-5	4.159782701807131e-5	4.3209632411348955e-5	0.018131352228370468	3.1236263065071046e-6	0.017428019467162114	6.019175527574071e-6	0.10704683882489503	9.742399041388304e-6	0.0198761946450116	8.576922240660532e-6	0.10655901031444343	0.05516471709029277	0.017938299887596102	0.01742571956593851	0.017207506521012616	0.017356138523134747	0.01832099877851863	0.01737851570904639	0.0
0.0	2.4708261890642705e-6	0.104585736880532	5.1302769874608926e-5	0.018391019061076534	0.00011975376669409356	0.10936494526501433	0.017329609967430663	0.022455308826084864	0.000148652164354504	0.10638787616358951	8.425822159678176e-6	4.784918410339302e-6	6.55871773582943e-6	1.3005946416928246e-5	8.17051749182231e-6	0.0189683820723108	3.728871154687905e-5	0.10560442038679871	3.3350885088068818e-6	0.0
0.0	0.17102529464978347	6.923385359788094e-5	0.0562034816833181	8.55340159635508e-5	0.00036286560152119606	3.328151890858719e-6	0.05577664226211047	8.57986467643534e-5	0.0003468350550291364	1.8067303490264176e-6	0.01720839928151533	3.6636681213379344e-6	0.05569698789232991	1.085739471821315e-5	0.055412963371401	0.0016157295559585036	0.0018905210216838178	0.0016113155384867956	0.018590840948803672	0.0
0.0	0.017770537249194363	4.071072360194126e-6	0.017499273799873875	5.6576597942368445e-6	0.01750296630792062	1.5118114480969307e-6	0.01740744459426899	1.5121906456316506e-6	0.017331553493173082	3.123995713093449e-6	0.017429403787596588	3.1239957138571263e-6	0.01742633464678375	1.521846998949415e-6	0.017428118651316188	1.5218469989330375e-6	0.01742626539172937	0.0002867236908545231	0.017454126174986262	0.0
0.0	1.5118100302580196e-6	0.017015234217643792	4.8564060910060105e-6	0.0005600369914680452	0.00030574993974553374	0.0005588388961030763	5.038476461049932e-6	0.014709751691401398	1.5118095601449297e-6	4.735428690337282e-6	1.511809561238551e-6	4.735428691704307e-6	1.5118100277006177e-6	0.05596076405307507	8.382122438071955e-5	0.0003716191915097498	8.163942080192681e-5	0.000288531431548995	0.017454011867276683	0.0
0.0	1.5118100600199454e-6	0.055644161840528054	5.8856986848624194e-5	0.05568630647453176	5.865637338594289e-5	0.056318645517721415	4.5779478726502494e-5	0.16817919128181277	1.3218029757308201e-5	0.00028826462366188645	1.5118100307882565e-6	0.0002865743764265687	0.017353559386321934	0.0556195614421007	0.01804570907499227	0.05592881637191535	0.017060447871616313	0.055636103910246155	0.00030617577012282115	0.0
0.0	0.017659218614953887	0.05551240424030361	9.330795272458827e-5	0.00038178833659252125	9.167758659327113e-5	0.05596240122853301	1.5124763528365633e-6	0.0002899753108992836	3.3775486621130577e-6	0.05596507116412716	3.6882821734781983e-6	0.0002911297854655797	3.373493716054135e-6	0.05573528452987698	0.0173534809581598	0.00028624999639783905	8.565220627355977e-5	0.055700295397945146	8.379247308835591e-5	0.0
0.0	0.0002881677350974898	0.016844283825253076	0.0002881677341790613	0.0002924166021238701	0.01742691141889557	0.0002887559883232056	0.00028771128241483545	0.05641243818300381	0.000293911826083025	0.05589899374002825	0.01735227763039365	0.0002897668714496961	0.017427695097555918	0.0002849391947435355	0.00029584966506251764	0.056211714611365975	0.0003128704428661536	0.10550774696424682	0.16514243808043055	0.0
0.0	0.069242940106359	0.013468055444697436	0.6931591171728531	0.6931591170407786	0.6931470314523277	0.00962405535039711	1.3993443772211503e-5	0.01733542914780201	1.4020959951604384e-5	0.017436969483915366	5.971149261623929e-6	0.05518363953506504	0.10628705735091053	0.0002907898512223133	0.017911504927598344	0.017482321063790326	9.881130640464534e-5	0.017597121999347487	9.719949682344143e-5	0.0
0.0	2.733819618705029e-6	0.017364075435351744	4.3456279024667085e-6	0.017978734511985436	0.0010400927685950557	0.018043626721801886	7.072127902674402e-6	0.003612110482571184	0.00031399026256252244	0.36498773072585533	0.0004266070991418466	0.10573872811428207	1.2525692689916361e-5	0.01728366342769917	0.00103035933577218	0.018456799577790867	0.0010310994424341843	0.003503965603658394	0.0556701199382057	0.0
0.0	0.017463542974396055	0.00011222679242714909	0.1091574624137625	6.856743213921116e-5	0.10878812555744867	6.769725128012298e-6	0.0179438779186693	3.7035514003351153e-6	0.10656540676183401	8.46426154946684e-6	0.017137958676076457	3.124316888894729e-6	0.00029280925090614487	0.05562063680775759	0.0002936186615104834	1.5118114446943905e-6	0.01750343158243794	3.1236191253800652e-6	0.017491344008577794	0.0
0.0	0.0006495021398091951	0.05673229818655613	0.0006591184114725679	0.05630217376176967	0.0005965420037275729	0.05729549410008049	0.0017012736375035054	0.0013556471985675053	3.673089696654397e-6	0.05700346287725647	1.7558289280122111e-6	4.979448057199885e-6	1.7558293917790164e-6	2.51757511363853e-5	0.017435290205239217	0.00028854147662456394	0.017425792007095816	0.0002846178593923185	0.017453967390742436	0.0
0.0	0.00010104883370491906	0.00019839022773026463	0.05563631599436876	0.00017577183957466063	3.18074909304509e-6	0.017503149570382636	4.709057940666008e-6	0.10744898222205373	6.502126160242952e-5	0.10943422726703741	6.4396777596378106e-6	0.017677620988836514	0.00012880696977053818	0.017556669197219522	0.00012719478986164502	0.0175247256400184	9.629656135493452e-6	0.22884264896511256	1.527963789725256e-6	0.0
0.0	0.05601208550417843	0.20849094281029185	0.056403676115653736	0.0003336764436691194	0.10775685864968639	0.00024612226004628386	0.017570376349357125	1.6839060159395416e-5	0.017443505236855516	1.6839060155422933e-5	0.01744189751051773	1.5227250593803509e-5	0.017426111275263167	0.00028838070968700233	0.017353461312296828	0.05562262027195958	0.017353655299288694	1.5118095650409673e-6	0.017454392192593038	0.0
0.0	0.017362079797361034	0.017146647928092743	0.00017176248872364958	3.722471716524246e-6	6.9460903908078276e-6	5.334280823675226e-6	0.01735277617887347	0.055732745106037374	0.017319058218976842	1.5119726855130606e-6	0.017392238272487558	1.5119722071260971e-6	0.017428144058344176	1.511972211291977e-6	0.01739251468717848	1.5118100655689112e-6	0.01742893436075138	1.5118095607338901e-6	0.017490873467790376	0.0
0.0	0.00016764221004745306	0.00010158642697657596	0.056347907436220215	1.5067455497447078e-5	0.05631467178805451	7.452973333791374e-6	0.017391091380528904	0.055657542361265674	0.00019841221044519827	0.01810364140770785	5.09401145948036e-5	0.017328118067405036	0.01742735227469041	0.01799567895286087	0.056182870399516985	0.0010172617521863484	0.0013143032991905297	0.0010176544500759789	8.182411562556984e-5	0.0
0.0	0.017243013505955723	0.05536769665340468	0.017268536821486803	5.961183014504041e-5	0.01752742600769697	9.47477854102445e-6	0.23164403237832187	1.5181137260005935e-6	4.741732855530605e-6	4.741732861618941e-6	2.84144115830542e-5	2.6890879772167777e-5	0.017539213199057442	0.0014993472345712052	0.019246565712819054	0.0022641625446661626	0.0008101476999861833	0.0008009459032419349	0.0007977141074209806	0.0
0.0	0.0038656372826248314	0.0038133880062972752	0.05791840920175938	0.0006826547396419768	0.17443674341954885	0.0005996729390206399	0.05684116197800222	0.00015143339974855118	0.05970871427827264	1.1237441888231018e-5	0.0002993048162195103	3.6172725000485306e-6	0.055734994096175335	0.016992226581067516	0.055621670232724726	0.017353849256516916	0.00028612243669142107	0.017426021541620942	8.128318784039806e-5	0.0
0.0	0.017433141820328332	0.00031965130928783125	0.017433027620316323	0.00031673055995182887	0.05595680376257459	0.0005818703638062271	0.05468306650052146	0.06378535784163512	0.017318782908079686	0.005116016306115995	0.01735376555333336	0.07794720886286732	0.017114649352824734	0.01829945750936318	0.035703968329669405	0.01829784569437532	0.017573455801585	0.005261741205666736	0.01748852939194716	0.0
0.0	0.017653313245085896	0.0004417986983333532	0.01775617262617851	0.01862443083969818	0.017378702600638632	0.10584589544475563	0.017253166596682957	0.00010601135402325545	0.01753394601397869	0.00010601068932474528	0.017400125109085653	0.017917111310990604	0.0002795388831402242	1.5118102060791195e-6	0.0002806774312420644	3.368880321302213e-6	0.056309366705331994	3.7246927401981697e-6	9.017264244876855e-6	0.0
0.0	0.1065062096134816	8.471457736755316e-6	0.000289828062704777	1.5118100306216123e-6	2.4160527562322196e-5	0.000196548234549487	0.0556288904981381	9.428265456417842e-6	0.055217539519727216	9.18432961606303e-6	0.05588308879937603	9.691245827586639e-6	0.055464029468027115	0.06130911717518202	0.16681730458960747	0.0159767253885475	0.0008775199240199156	0.0006332909061634575	0.0560029258905826	0.0
0.0	8.474658284334555e-5	8.525140263588831e-5	0.0010867988198816905	1.5118100297272489e-6	0.01742048212017341	0.0006009648714757881	0.1074461684722259	0.0002931538140013358	0.018158267082581107	0.05561274672132735	0.018062462695350907	0.017349629750302492	0.018278318132645573	8.545095665216257e-5	0.0011122929240231867	8.429043024862887e-5	0.0010451955217503218	0.017424636461928458	0.0019132814386306997	0.0
0.0	6.269710115985509e-6	0.05608350934161621	8.542564194363914e-6	0.019810378449195833	1.5179839481338794e-6	0.01761626436208934	8.594264391324637e-5	0.017541321998196212	1.5179797029030254e-6	0.01742980510136876	4.29749095172679e-6	0.017430986086774194	8.333741606283398e-6	0.017582392715786217	5.552263607218484e-6	0.01767068227168888	0.0003210673386712533	0.01755388165901999	0.01781222583453495	0.0
