0.4900580380892254	-0.4875556029008358	0.49747304582373625	-0.49997450060056486	0.4900788186812004	-0.4900788186812253	0.49997579028280104	-0.4999757902827711	0.49005688671970615	-0.490057867092481	0.49999999996120853	0.49999999996123734	-0.4999999999612374	-0.49999999996123745	0.4999749325594238	-0.4999749325593949	0.4999984381073662	0.49750674092207253	-0.4975067399982018	-0.49999843907002767
0.4975191602326962	-0.4950252305298577	0.49750612026380037	0.49743204013137016	-0.4974320536940081	-0.4975096970693567	0.4950429606520376	-0.4875396678506322	0.49000636739020126	-0.48995472730321854	0.4899547273032193	-0.49997403292110876	0.49997403292107995	-0.4999744801137834	0.4999683357025792	-0.4999681116912842	0.49996811169128474	-0.477461860567138	0.46764105620594	-0.4901730507538213
0.4975067711736034	-0.49748206026879693	0.49748365005049044	-0.49748351072856833	0.49748194219780684	-0.49750679240756723	-0.49750675744578987	0.497506757429032	0.4975082267767762	-0.4975082267767762	0.4974958461889354	-0.49749584618881915	0.4974958577526332	-0.4974708600721131	0.49748329863502216	-0.49748338730884695	0.49748180223522986	-0.49750670830237875	-0.4975020083080774	0.49750200536820477
0.499975256201536	-0.4974709443360783	0.49749558812597555	-0.49749543089518505	0.49749543089530474	-0.4975137689596454	0.4923784374540788	-0.012546771968997927	0.01768219908996123	0.01767405535104722	-0.017875853048009458	-0.49724638371723645	0.49724638371734253	-0.4972697566377715	0.48763558273748103	-0.48764492091866013	0.4972473207298525	-0.49728203229745316	0.49728203229729845	-0.4997664238208398
0.49992453292196826	-0.4974081266747646	0.4974081266750018	-0.49742686395622004	0.49750233040677566	-0.4975082594523611	0.4975082594523612	-0.4975204580508853	0.48775333565388607	-0.4793174358106715	0.479352519736886	-0.47877354810144035	0.48850533029820825	-0.49801179378744653	0.4980117937877071	-0.49748854423100913	0.4974885442310115	-0.49750095044907566	0.49500431889011065	-0.49750311154004223
0.49746955051614306	-0.49499031201024435	0.4975207661472543	0.49750147987167914	-0.49750147987164417	0.4975006594133276	-0.49750070248476275	-0.4974882648772137	0.4974882648769274	-0.4595855128995296	0.45952790169967744	-0.49743843815035477	0.49743843815059835	-0.49990398428362776	-0.4778542142533332	0.47781551805253747	0.4776485168089074	-0.4678317712159242	0.48783804601928776	-0.49765446150970505
0.47756545270693107	-0.4775654527067762	0.4776830118507918	-0.4776825099044132	-0.47808371065768374	0.47808371065768435	0.49999949773198066	0.4999997131721034	-0.49999971285061773	-0.49999971285064654	0.4973874685795309	-0.49738746857942145	0.47879489131032243	-0.4416146666638015	0.4420649864314756	-0.43667127526929744	0.43883923396026053	-0.3187316392990715	0.31799745018803777	-0.4806792678073891
0.49741169756428644	-0.4974056931140071	0.49729476415258633	-0.4972947641525873	0.4610968219513473	-0.4610969117042068	0.49735803593807526	-0.49735803593807487	0.4776798974739317	-0.47768580043980324	0.49735955791004516	-0.4973595579100447	0.49727364872965885	-0.48746010263381423	0.4677091268328206	-0.4775226846600969	0.4906640629957481	-0.490664062995863	0.41280367561775416	-0.4128036756177551
0.49016819263828326	-0.4850261801135169	0.49476349814226456	-0.47801843849605374	0.4780184384960581	-0.4675194697234624	0.44684137246458866	-0.4574723210029276	0.46872976229431385	-0.46525249126288687	0.4651512658905143	-0.48791606341386595	0.4975324314623621	-0.4975204262241065	0.4975204262242299	-0.497496016343053	0.49749601634305274	-0.4772913855003067	0.47729138550027805	-0.4999999973757647
0.4900326722091172	-0.49003267220911734	0.4974894501664754	-0.49748945016647017	0.49744788734638645	-0.49744788734002077	0.48950693093875147	-0.48950693094484066	0.4897446543875159	-0.4897446543875177	0.4974686997480319	-0.497468699748032	0.49746187321755914	-0.49746187321755647	0.46032024930323057	-0.46032024930315807	0.49746132483477795	-0.4947883153218661	0.49478660293583904	-0.4974596124491065
0.4999936548667386	-0.4970234387975603	0.49702343879756034	-0.4900516725216718	0.49005801760231693	0.48985307826442	-0.4898530782644199	-0.49999975154083093	0.4999997515408021	-0.4897556678709119	0.4872770055977695	-0.49752073996007573	0.4999992805501315	0.4916713017291362	-0.4916713017291359	-0.47770302301093365	0.47770189738903024	-0.44028320525587444	0.4402832052558957	-0.49999875264238636
0.46120840118118855	-0.423483259805698	0.44035910993582517	-0.47808367528104295	-0.4778916402561069	0.4778911614843289	0.4777840345289593	-0.46796591570122503	0.4876124155761049	-0.4974059805796349	0.4999753456878441	-0.49999999677054263	-0.4999999967705709	0.49999999677057105	0.49999999677054185	-0.49751469743050014	0.4948864580736665	-0.49489270713213446	0.4949995553916455	-0.4974786056732196
0.4389727253156286	-0.4366747492519319	0.474495568865061	-0.4743715387531396	0.49500679008661813	-0.4974287956181089	0.4974039537576579	-0.4974039537576579	0.49739095368176944	-0.49739095368174063	0.4973853292056447	-0.4873642813709108	0.46775820643603916	-0.4777782575413754	0.4776484074492284	-0.4776484074493449	-0.4968065129658787	0.49681846123163304	0.4975676724815445	-0.49758061812073606
0.4975067036458279	-0.49750670364582794	0.49750829119255807	-0.49750829119255807	0.4975081934203551	-0.4975081934203552	0.4975082284790383	-0.49750822847903836	0.4975082375423252	-0.4975082375423252	0.4974956533716635	-0.49749565337166346	0.4974951052579749	-0.49749510525797497	-0.4975077727063065	0.4975077727063066	0.49999999999999895	0.4999999999997323	-0.4999999999997333	-0.49999999999999767
0.49749344115334276	-0.48764743278707207	0.4876430168845138	-0.49748897542568216	0.4999758682936969	-0.4999758682937247	0.49997540795738393	-0.4999754079572691	0.4900319540895423	-0.4900319960911496	0.4975079523949872	-0.4975079523949918	0.4974836160297458	-0.49748361602927427	0.4973936833242488	-0.49729118663033517	0.4973807999086885	-0.497380799908692	0.49738874670483674	-0.49749125122279675
0.4984283489341714	-0.46051815431451393	0.4242345381389	-0.4617565104175637	0.4138214553770831	-0.41420389275246616	0.4975198031737224	-0.49751980317372063	0.49737333216289753	-0.49493743825112435	0.4752111055977411	-0.47765272712113793	0.4974030999601677	-0.4974030999602829	0.4973841292068859	-0.4973841292068576	0.47767926702130276	-0.4776793243751773	0.4773810552334324	-0.47738105523346014
0.4327201557665119	-0.4236683295636678	0.4884414143959607	-0.49746937326504687	0.4974705101904628	-0.4876493385701122	0.4874122185460196	-0.47508384689692723	0.4753777710398278	-0.4975440768562715	0.49751314780345807	-0.49751314780345735	0.49750720744923177	-0.4975132752006003	0.49750091305437527	-0.4975018856100597	0.49750186645097527	-0.4975018664510054	0.49750353529921804	-0.4975035997788934
0.5	0.497508222929392	-0.49750822292939195	-0.4961624482052462	0.4961624482052462	0.49750794124988	-0.49750794124987996	-0.49751417297577116	0.49751417297574047	-0.4975884031530396	0.45815718586616594	-0.45488586482046367	0.472224233950026	-0.4742065409264981	0.48638755453704213	-0.4878912947775513	0.48786808470050025	-0.4875856840150558	0.4975127152451466	-0.49999198660624117
0.499974567908303	-0.49750159484145706	0.4975015948415454	-0.49748276340234443	0.49750183129792247	-0.49748327207446774	0.4974832720744692	-0.49752707427419396	0.4752020760438859	-0.4752202425414627	0.49755160461298414	-0.4975082280295216	0.49750822802955236	-0.4974958084422328	0.49749580844220276	-0.4899329507716087	0.48989835908096185	-0.49996540795453775	-0.4999654079547726	0.4999654079547729
0.47757629207089247	-0.47757019317894406	0.49735463793609874	-0.4973546379360982	0.4974084132250642	-0.4949168092569575	0.4950477657020767	-0.495047754389855	0.4949233563154001	-0.48760288686897746	0.4679389120317198	-0.47754638589767257	-0.49996444920185656	0.4997523433543667	-0.43978480025250016	0.4397848002526422	0.4778911654633834	-0.46807038946419993	0.48767125215971685	-0.4974906320642995
0.49741863044806445	-0.4974123920917431	0.4901678419975959	-0.4901678419975954	0.49998566364768227	-0.4999918663075941	0.4971925432225124	-0.4971925432225414	0.439460365275963	-0.43945067721319164	0.4896164702478898	-0.48961647024788874	0.49011438389898043	-0.49009918593691465	0.49946498998868843	-0.4994649899887752	0.4998638102038354	-0.49753357900234396	0.4312876416051948	-0.4336427945278187
0.49994316408460604	-0.49729550782080467	0.4972955078208047	-0.49735993574824744	0.4876226735459849	-0.46779331315915473	0.4775815868700842	-0.4764481289672151	0.4764481289672149	-0.4975264262166034	0.4975320029947186	-0.497403031164952	0.49740303116497997	-0.46015968865098417	0.46015968865087115	-0.4996073204118256	0.4995836504247094	-0.49957474197387064	0.499592647790294	-0.49999398820060953
0.46117351476147483	-0.45110329965317025	0.4061937545017725	-0.37907390790405365	0.45312437439116937	-0.4903103265071486	0.4899484217837317	-0.48994842178331305	0.35246997084004866	-0.35247405673243093	0.4889966487905991	-0.4889966487906251	0.4897902329959037	-0.4897902329959032	0.48967880918758105	-0.48966851603319606	0.48796033256890203	-0.4879603325693725	0.48810204448142724	-0.48811236133339664
0.49751615167218066	-0.49751615167218033	0.4975176378282811	-0.49751763782828146	0.49999999999999933	0.4999999999995389	-0.4998576672426921	-0.40060886980577604	0.40046653704522645	0.4004665366919723	-0.4007130293548256	-0.4972284068614376	-0.4949958192974361	0.4949958192974357	0.48719942809496264	-0.4897245285623676	0.4974409993712959	-0.4974409993758742	0.4974739561056934	-0.4974739561057152
0.49753854684478394	-0.4951346701066239	0.47501843175083064	-0.4774157544791733	0.49709787023434193	-0.49709787023434154	0.4785996841018743	-0.47615013709185294	0.4974517501523116	-0.4999013738569776	0.49990115802670904	-0.49990115802670915	0.4961448646828478	-0.4936620329176034	0.49748531679725355	-0.4974829892712852	0.49748337727475883	-0.4999750138811157	0.49003275776762634	-0.49003275776765526
0.49698829503308745	-0.48713004757517847	0.48625712362606127	-0.48642755473320404	0.4510254844353095	-0.43866861114090977	0.47792987933906983	-0.4899047975261547	0.48990479752659705	-0.49994997800479835	0.4999499780047716	-0.4899751483420988	0.49000055261564934	-0.499974690967741	0.49997469096777	-0.4899737545490809	0.4899737545490516	-0.49997456974343335	0.4975144154273947	-0.49753981894216304
0.49999999999997075	-0.49754500088490844	0.49754500088493786	-0.47768824003672944	0.4776882400367293	-0.4975324119476676	0.4975324119476677	-0.47756012341236287	0.4775601234123626	-0.4974036745612827	0.49740367456125345	-0.49725214190596334	0.4972458375319142	-0.4999936956259211	-0.4999936956259215	0.4999921386797585	0.4975082860533338	-0.4950768744961123	0.4950738568204973	-0.49750371143155603
0.49979862517707174	-0.49600285984019843	0.4935385198811327	-0.49733428521796585	0.49731919690000126	-0.4973191969000349	-0.4973135871669759	0.4973135871669757	0.4899625980928726	-0.4899625980928474	0.4975088647661277	-0.4975088647635114	0.4975145912301833	-0.4975145912302144	-0.49750830664952733	0.49750830664952733	0.49750196275816516	-0.49750196276075076	0.49749729158107325	-0.49749729158110345
0.4998895725276187	-0.49750386220963266	0.4975038622096326	-0.4973857242125449	0.49747109369833736	-0.49748324408415356	0.49750816223732436	-0.49749582483465543	0.4974958248345402	-0.4780450098395055	0.4779451401532623	-0.4898923784287411	0.4898923784287395	-0.4973960747181101	0.49749608419869146	-0.49750827155327515	0.4975082715532755	0.49750676168332986	-0.4975083215465187	-0.4999984400976146
0.48988771411787485	-0.4874152660109113	0.49752755013354727	-0.49794297411531024	0.49794297411557376	-0.49604422663304515	0.49604422663304987	-0.496037906228879	0.4960379062288739	-0.4974648139639826	0.49746481396386516	-0.4974895205748584	0.4974895217152852	-0.4975076823334607	0.49750768233346526	0.49750649894721116	-0.4975065076779965	-0.49752145940189935	0.4863427373304196	-0.4888212685788232
0.4975118575088734	-0.4948965131972116	0.49491045265250694	-0.4876144408713456	0.4804189931337873	-0.48045760983508623	0.47999266186875167	-0.48731446614516927	0.4948109014144912	-0.497360831934005	0.49988850685318753	-0.4998885068533025	0.4900774076272775	-0.4900774076271628	0.4974688622633046	-0.49746973096530683	0.4974696245641558	-0.49746962456403987	0.4899895504428349	-0.4899896863365416
0.4999784093957352	-0.4974993285859082	0.48752670143317295	-0.4900182917918135	-0.4999582548539718	0.4999723396918616	0.49999694615407225	-0.49749418717707067	0.49749418717718724	-0.4975081658445328	0.4968602386996782	-0.49687254021474686	0.488194838776398	-0.3441004607729952	0.3180709346547357	-0.4619145025494437	0.4874388637792337	-0.4874782531595222	0.49729522475463844	-0.4999846995667094
0.4999000332683327	-0.48997119617796886	0.48759190262308716	-0.4974959328028428	0.4974835003348739	-0.4975082306900681	0.49750205074024056	-0.49750205074021214	0.4975015331946342	-0.49749708669893716	0.4897442102245414	-0.4897442102244341	0.489887338661192	-0.48989186171241356	-0.49750824713616776	0.4975082471361682	0.49999999999997413	0.4999999999999739	-0.49999999999997546	-0.49999999999999833
-0.4972588437281332	0.4972588470308772	0.4973023540858926	-0.47272450324987	0.4753956676800179	-0.4999735218187849	-0.4999735218188711	0.4999742948397717	0.4998796884865894	0.4418345117127923	-0.4417149963434835	-0.43924042445227296	0.43924042445227246	-0.49740518658505967	0.49740518658503025	-0.49730651307679435	0.49729639853468155	-0.47769318047200726	0.4776931804719871	-0.499989862334636
0.4900524855646674	-0.49005234823607413	0.4999012853514183	-0.49990128535144723	0.4999978353966568	-0.4999978353966287	0.46093203754938566	-0.4392129689220202	0.46838758614715337	-0.4680521132233754	0.46795539472559516	-0.48014228112393686	0.48974393859028764	-0.49715801497314277	0.4872982769457935	-0.4872977942286331	0.4974479911372874	-0.4974235796548	0.4948292109016455	-0.4973078211998322
0.488403204056186	-0.4884032040561817	0.41301203495779165	-0.40393731717787623	0.4791939736852436	-0.4882686914651532	0.48823612790314597	-0.4882361279031463	0.4143303455326914	-0.41433034553269127	0.49019971347216035	-0.4901997134721328	0.45562158192262914	-0.45562158192255736	0.4899761025072416	-0.4899761025073508	-0.48940610107481153	0.48940610107481153	0.4898966553834403	-0.4898966553834403
0.4996125438015439	-0.4780003757891879	0.43954614267965353	-0.45868017623702545	0.48735899087836365	-0.4799966386276263	0.4800287633287387	-0.48738429897349067	0.4975150487108229	-0.49748993570811617	0.4974899357081153	-0.48990960470221306	0.4899096047020942	-0.4974828354381976	0.4974827590110691	-0.4974949936577526	0.49749499365787	-0.4975203683626467	0.48757057720108793	-0.4900501321831022
0.49985399901468164	-0.4973623024440431	0.49735574812781985	-0.03305564854023574	0.03320819928321122	0.0331664767723929	-0.03316647677240194	-0.47760832570737904	0.46790064907127515	-0.4679025808690201	0.4775108662352293	-0.4972843496643026	0.4972843496643017	-0.49948988802213756	0.49958918862874035	-0.49746964539584726	0.4974696453959633	-0.49749597039843163	0.4942067246459391	-0.496710659025756
0.4899750330559901	-0.4899750330559902	0.49997420525944564	-0.49997420525944564	0.4900565831533337	-0.49005658315333395	-0.4897173623447326	0.48971736234472935	0.4601469819526799	-0.4601469819526757	0.4900618785286014	-0.49006187852860156	0.4597616207039736	-0.4597616207039744	-0.49997411149163473	0.49997567149113425	0.49999832627796015	0.4999998862774302	-0.49999988627743025	-0.4999998862774595
0.4775605725846774	-0.4775605725846748	0.4999667433241325	-0.4999667433238728	0.499968043324413	-0.4635758711891041	0.35216977709291253	-0.3881843225015853	0.4894526680118861	-0.48945266801220944	0.49709389681515176	-0.4974715235417266	0.49747029430859696	-0.49747029430859724	0.49742322212320705	-0.4974232221232072	0.014363378958224485	-0.014363378958224402	-0.014363687769481413	0.01436368776948144
0.4999870573265722	-0.4999933703293855	-0.49999362555249366	0.49999993855530744	0.49999993855533637	-0.47797504415818454	0.4779750441581567	-0.4777168555497344	0.4777169169943971	-0.49667117924383647	0.4966711792438651	-0.49728011949053125	0.4972801194905313	-0.49752518196353124	0.4975251819635311	-0.4766635705700457	0.4766635705700455	-0.4775431326572969	0.477543132657297	-0.4999999999999998
0.49998078091196474	-0.4974554355966716	0.4974554355977621	-0.49748058854898736	0.497480588548893	-0.4899300220323584	0.48994566559693625	-0.4900323783510975	0.4900323783511806	-0.4999726180062	0.4778177286554348	-0.47781676968061915	0.4973930498555181	-0.48750085179506514	0.4875187125901405	-0.4876168434106426	0.46812922548200153	-0.4747436310498452	0.4745573060333718	-0.47776173315171655
-0.48954342006060864	0.48954342006060864	0.01442171339326721	-0.01442171339326732	0.014414159361568823	-0.014414159361568923	0.4974320658182131	-0.49743206581821203	0.4973716759507848	-0.49737167595066833	0.49749581945864435	-0.49747098451173366	0.4974956848196005	-0.48770812118079077	0.4875463533370486	-0.49735865313112476	0.49739396913789896	-0.49739396913801326	0.49740140563751417	-0.49740150442916187
-0.4999736533046546	0.4999735522587304	0.4999711082125096	-0.49997258281214274	-0.4999973412486447	0.499998916894202	0.49999891689422943	-0.49747154494549595	0.4974715449450585	-0.4597908219071565	0.4597918298115843	-0.4974942816496532	0.4974942816497935	-0.4975076522718339	0.4974830744514594	-0.49747097925249445	0.4973951508955199	-0.49680388301770595	0.49680388301770534	-0.4998995186210112
0.4994597486372377	-0.4894732442113295	0.4894732442113289	-0.49692346582219965	0.4869149139072463	-0.486932739421767	0.4949379684640734	-0.48722987857858585	0.48936204159675906	-0.49787982286345794	0.4978798228635089	-0.30474508502509007	0.3051564627166908	-0.30517087522810743	0.3051708752281247	0.3010284973611839	-0.3010399270163411	-0.48998241420338245	0.48998241420328875	-0.4999885368191799
0.455589618977404	-0.45317348296842835	0.4974831775027953	-0.49738315772885666	0.4973831577288605	-0.4973958597221928	0.4973906342349876	-0.4973819730311542	0.4958186022795279	-0.48885250967657456	0.4888525096765719	-0.49831553179382976	-0.49029684613363494	0.4903060371714839	0.49997488917225297	-0.4974949416052011	0.4974949416053163	-0.4975074668491611	0.4975080176513183	-0.4999998164914851
0.4771043157916248	-0.474688716102858	0.49477355900762554	-0.47487243760227316	0.46788785833321145	-0.4901769611324246	-0.47919517680224905	0.4609463326234651	-0.4609463325271299	0.47914921631549234	0.4586737289516297	-0.45625119001562664	0.49759580315494345	-0.497508298291093	0.49750829829109317	0.49738556161011394	-0.49738556350694224	-0.49747733794810345	0.4974773379479866	-0.4999999980984858
-0.4900824609144013	0.4900824609144011	0.4899594494169225	-0.48995944941692204	0.49013741888123186	-0.49013741888120305	0.49973531804326166	-0.4972338469983148	0.4871922155871985	-0.48969368366194804	0.4893956463218935	-0.48939564632236887	0.48953434980272686	-0.48953434980269794	0.49997550089061044	-0.49750815238032614	0.4876530745744613	-0.48972945638223825	0.4896808982841267	-0.4900718679564149
0.489966235544755	-0.48996623554475505	0.4899300254155447	-0.4899300254155448	0.49997520040993265	-0.4999752004099327	0.49005804703723566	-0.49005804703723543	-0.4999504665587925	0.49995046655879255	0.4899970777661604	-0.4899970777661602	0.4975084055574869	-0.4975084055574871	0.4973065474464838	-0.4973065474464837	0.4999683131864243	-0.49996831318642426	0.4900384375905414	-0.4900384375905414
0.4993749090294452	-0.477195433847793	0.4778205238509854	-0.4973971512177068	0.4973971512178224	-0.49749585207474095	0.49749585207474195	-0.4975142384853333	0.4974881887683793	-0.4974758539014926	0.4974758539014074	-0.4973460105049082	0.4973719625446428	-0.4974957394855111	0.4974957394856276	-0.4974958159477233	0.4974575364251626	-0.49744994584792224	0.4974499458479948	-0.49996162183307835
0.4902507459517094	-0.48034449310678123	0.4900875855049495	-0.4973539919935541	0.49735399199355396	-0.4999683259059707	0.49748288771544974	-0.49748336912623536	0.49996861537067133	-0.4900025089349724	0.49000250893497177	-0.49732108595087854	0.4948346805224992	-0.48207396955856774	0.4830686013240771	-0.49580082683408405	0.49580082683411314	-0.49850187274095076	-0.4985018727409504	0.4985018727409506
0.49736970614992876	-0.49407318020089924	0.49421317704835804	-0.49750964369654765	0.4974957302476689	-0.4974957302475525	0.4973677632037629	-0.49726718049535756	0.4773703777057549	-0.47737037770575397	0.49733304226066094	-0.48742926634398864	0.48730957932657254	-0.4958645724918597	0.475437862038443	-0.4754378620368943	0.495075025402701	-0.49649910725559315	0.49652202932458406	-0.496547372233987
0.49715011099784856	-0.4971438237408761	0.4901008746613191	-0.49010087466131913	0.4999921631593623	-0.49751905228307747	0.48772628612802954	-0.4902056842612574	0.4999005334227462	-0.49990053342277524	0.4770821649302265	-0.47708216493022654	0.5000000000000001	0.5000000000000002	-0.5000000000000002	-0.5000000000000002	0.45985962561321236	-0.4598596256132123	0.49772252602821604	-0.49772252602821604
0.4969188111610923	-0.49431985902297215	0.4943207088858347	-0.49691966102764173	-0.49747821634900424	0.49747821634900474	-0.4974782245575631	0.49747822455756285	0.4974888041082901	-0.49748880398607503	0.49619558546371656	-0.4961955854639818	0.4961723328477014	-0.49617233284774315	0.4897654271311065	-0.48976542713110827	0.48996405773091883	-0.48996405773066104	0.47736059049400864	-0.47736059061248654
0.4996973648801254	-0.47678356911952774	0.47678356912665837	-0.4618182054600408	0.4037244355327574	-0.4200804968419902	0.47847690184360886	-0.49753235310508076	0.49753235310510935	-0.49500552915162416	0.49500552915162427	0.49500432863818755	-0.4925374805887152	0.48515895741172543	-0.4876257062409169	-0.48763053767408093	0.48434520854706176	-0.47508139283355594	0.4756530616718677	-0.4972864388931939
0.4999999999960727	-0.4770397653011939	0.47703976530146186	-0.4967242837239375	0.49672428372394856	-0.49548721700390747	0.4954872170039076	-0.47588252446942064	0.4758825244694208	0.49566745355841074	-0.4951236358719689	-0.30039365705620336	0.2998497912948608	-0.4776439554212236	0.47764395542124566	-0.49737560157501526	0.4973755520939143	-0.4776526411743623	0.4776526411744777	-0.4999999024404881
0.497400329111054	-0.4974003291110536	0.4974142893475822	-0.48749791243809026	0.4876043043060559	-0.4974959185855068	0.4974849630786056	-0.4972709522206574	0.4972709357862763	-0.4975097092361629	-0.49750815752168476	0.49750815752168465	0.49748419192381416	-0.49748419192335247	0.45839940009895663	-0.45448457936584796	0.4930798370496057	-0.4930798370514793	0.49310537990191544	-0.49702020067171526
0.4586537656040309	-0.45865376560397975	-0.02376964860393313	0.023769648603882247	0.02384615892214499	-0.0238461589221448	0.4975017228408733	-0.4975017228408732	0.49750820710230254	-0.49750820710230237	0.49749641029920294	-0.4972595146783502	0.4968574527126878	-0.49685745271252657	0.4969092481665895	-0.47345015263249185	0.4179921581595572	-0.38395850139552046	0.42060305643229984	-0.4783327043514488
0.4999603642463156	-0.4999603642463152	0.49013916694806475	-0.4901391669479142	0.4901012671603405	-0.48761978534340855	0.4975200675773848	0.4999917780524076	-0.49999332744687525	-0.4999933274468753	0.49997979666967873	0.49610040261366806	-0.4960869405195962	-0.4961006311252613	0.48615655952286013	-0.4900553490170384	0.4900670741326537	-0.49006707413262707	0.4999910142894046	-0.49999152498686705
0.4974857298547654	-0.4974857298547656	-0.4972798627511524	0.49727986275115255	0.4972922622757686	-0.49728602647779263	0.4974148360596709	-0.497414836059671	0.49738634940096105	-0.4949402639050842	0.4759353723382994	-0.46532300453284475	0.4488123071060461	-0.45230651027565655	0.4900318706791479	-0.49959246745978786	0.497339512777652	-0.49733951277765265	0.47758982576286174	-0.4775997149119183
0.45988495492142656	-0.45988495492142645	0.4990871214349976	-0.49908712143499684	0.3635045480810706	-0.3635045480808376	0.4610837490132065	-0.46108318934740206	0.499978643028732	-0.49997864302876055	0.413202522972149	-0.4132025229720407	0.4988638740323044	-0.49885843896913434	0.4597508448761981	-0.45975084487619805	0.4999924779032591	0.49750673481502333	-0.4975067683169521	-0.4999984391306176
0.47745215150867343	-0.47512232247089053	0.43626767733885086	-0.4355732887377699	0.4965897576578401	-0.4965032142351066	0.4745524120691039	-0.4751996316958456	0.4950904310759895	-0.49634155973268224	-0.01705570567923654	0.015843292906860443	0.015843295200397116	-0.014639240054717437	0.43754138746597365	-0.4387209024803022	0.49740453548475005	-0.49494997682197817	0.4949873146426119	-0.49746641344252124
0.4982590608972985	0.42327617288117975	-0.42153522706428004	-0.42152615152241363	0.421526144311285	-0.4974045238390038	0.49740452383911093	-0.49740338606351053	0.4974033860633935	-0.49999999940724726	-0.4999999615295041	0.4999999614336921	0.4999999614338085	-0.49750829291598825	0.4975081733681998	-0.4975080916946851	0.497508091694685	-0.4974955849319465	0.49749558493183005	-0.4999998418859033
0.49750634287630635	-0.4974819308458262	0.4975077720473864	-0.49712180250864296	0.49711016209496156	-0.4971101620953248	0.4970849508763754	-0.4974953386738681	-0.497505201263386	0.49750519704276575	0.49748860245565674	-0.49748808473105066	0.47718222571704844	-0.47718222571730434	0.4596791819364781	-0.45967918193647894	0.4974075750799005	-0.4974075750798999	0.4974149137486945	-0.49741542102379155
0.49999999981608184	-0.4899259932704773	0.4899259932707409	-0.49003769230648847	0.49003769230648986	0.4975678264641537	-0.4975554121329453	-0.4900690024926585	0.4875758453686166	-0.4974948283444716	0.49749585862174495	-0.48750254676272936	0.4899246127449915	-0.4898999700132556	0.4898999700134948	-0.49991810290669175	0.49996900233270586	-0.4901245829952529	0.4901245829952491	-0.49999325270929834
0.499999999999058	-0.497503453445195	0.4975034534452258	0.48990958108822563	-0.4899095810882254	-0.4973206067742133	0.49732060677421314	-0.49730162135693756	0.4973016213566723	-0.4899414555848146	0.487365164162529	-0.4949381719147835	0.4975144555227697	-0.4975155297799301	0.49751552977996033	-0.4975156204372896	0.49751562043725367	-0.4975146249138694	0.49490407909480755	-0.49738944636545607
0.5	0.5	-0.4999999999999998	-0.4999999999999998	0.4899352468434962	-0.489935246843495	0.49750188124568673	-0.49750188124556677	0.49751373280401284	-0.4975137328024793	0.49997653261398695	-0.49997653261399144	0.4999749771758482	-0.4999749771758482	0.49750851648745825	-0.4975085164874572	0.4999999999983483	0.49999999999822925	-0.4999999999982296	-0.49999999999999967
0.47708053064808537	-0.47708053064805694	0.49104402433935834	-0.4910440089792648	0.488377745461812	-0.48837774546184065	0.47911288850389855	-0.47911288850386985	0.49743840497311465	-0.4974322925719447	0.4965428314616723	-0.49654283146167294	0.4898502707580441	-0.4898503663655953	0.4899899110075278	-0.48998991100752753	0.49774755297432605	-0.4952768283281141	0.4940140726544515	-0.4964908294544038
0.4977105799170034	-0.4055989718063952	0.40788838960554497	-0.46022459922856207	0.4602245992285889	-0.4963457848911057	0.49634578489110476	-0.4963691938566557	0.4963691938565418	-0.47716624243977035	0.4771662446851313	-0.49753270897940094	0.4975327089794295	-0.4975329619218115	0.49753296192181135	-0.4999999999614541	-0.4999999999614251	0.4999984361670744	0.49750365112673617	-0.4975020873323852
0.49994098487276745	-0.4999154400700659	0.49991544007006605	-0.48997434713953636	0.4875990406512214	-0.49754157925606335	0.4999758960231522	-0.4900272114628459	0.49002721146287626	-0.49991550264827933	0.4999155026482794	-0.48993562936229923	0.48993562936218243	-0.4998758006152408	-0.4613390584460531	0.46160629423573496	0.49710167607073635	-0.49482621232920637	0.49482253565871087	-0.49748942972613686
0.48960777285716006	-0.48960777285716006	0.4999749789708469	-0.4999749789708469	0.48987417635678543	-0.4898741763567852	0.47717147181745573	-0.4771714718174508	0.49739512722778395	-0.49739512722731516	0.4780515028756994	-0.4391981749303648	0.4514480639638626	-0.49030139190964195	0.49997541771044146	-0.4999754177104704	0.4999730787810843	-0.4999730787810846	0.4899672674516734	-0.48996726745167335
0.49751929638402126	-0.4949029186571178	0.49490293871065266	-0.4975193076485402	-0.49750521603727954	0.4975052082412076	0.4975068001418117	-0.4974818783855818	0.4999750616653764	-0.4999756282006282	0.4999756282006571	-0.4900573666944126	0.49005736669438377	-0.4999759104831102	0.49748425704855137	-0.4974779929446672	0.4974780161877934	-0.4974772022258227	0.49747257826313457	-0.49750373026042943
0.4975045709931516	-0.49750457099315154	0.49750025119062796	-0.497500251190602	0.49274947424990384	-0.2325576274881079	0.2399438332929405	0.24421142344977487	-0.24437354546090256	-0.43788116468318056	0.42864447603874617	-0.4907365951450062	0.48991363848591735	-0.48991363848660774	0.4974925432820236	-0.4974925432819968	0.49747501164823915	-0.497475285900991	0.497476296018911	-0.4974762960196898
0.49999999999923517	-0.4971416081326736	0.4971416081334384	0.49715574257827955	-0.49715574257827966	0.4900531052974452	-0.4900531052974454	-0.49999962581108903	0.4999996258110889	-0.4901078492809949	0.490107849280995	-0.4974957424112916	0.49749574241129135	-0.49751424944819117	0.4975142494481599	-0.49750188745284235	0.49750083397682365	-0.4995940292456619	0.49959402924566165	-0.49999894652394977
0.4999999999788404	0.4999752138109977	-0.49997521381099763	-0.4999979521333783	0.49999795213335024	-0.4764786693939022	0.47410287401336504	-0.4867958588273998	0.48673181836889007	-0.4875470089924156	0.4899868059174646	-0.49997427447487386	0.4999742744749028	-0.49997402748831893	0.4999740274882904	-0.4891201677088132	0.4866678301257599	-0.49752326833173877	0.49747925687512967	-0.49750361202515303
0.49999496946754524	-0.4974923760307199	0.49749237603099383	-0.4974886375083361	0.4974886375080837	-0.4975952368561618	0.47203779783576305	-0.47206159748337595	0.49335922687839784	-0.49326451120317727	0.4932645112032945	-0.49323143930433794	0.497436879179068	-0.497472667920678	0.49747266792044015	-0.4974695181743725	0.4943909429518382	-0.49441108667697325	0.475330127055595	-0.47778106487288646
0.49745873881007824	-0.4950505743799736	0.4950339061634606	-0.49743838907460414	0.47681163359961115	-0.4768116336004285	0.49746821825186865	-0.4974682182518579	0.49753746885539124	-0.47510262751796256	0.475091140673129	-0.4974235956687133	0.4973652286095182	-0.4973652286095142	0.49985832385564366	0.49014803494904086	-0.4901481776304729	-0.4999642490337369	0.4771932128719843	-0.47719321287246175
0.49750675425185237	-0.4974821451737741	0.4974837283176796	-0.4974837929477408	0.4974961855880887	-0.4876035249061246	0.48753019160179145	-0.48753011519670214	0.4876032471537114	-0.49752038877451255	0.4974955509885228	-0.49749555098840625	0.4975574202120237	-0.4876407417598276	0.48764730306648774	-0.4877454090885811	0.4681247012585704	-0.4775339318998474	0.46037255497678864	-0.4607820366799998
0.4888033303527139	-0.4863834018097142	0.4687532554418636	-0.46872240526630116	0.46872240524299535	-0.4702143913338053	-0.08503620934441507	0.08407741671666377	0.0840774167172044	-0.08362139927666916	0.07511717994170292	-0.07408876837390568	0.48856211794936455	-0.4874713945818952	0.49741154538643445	-0.4974827095802812	0.49748270958039487	-0.49998669776204463	-0.4999866976413182	0.4999866976410116
0.4775634809706995	-0.47756348097058304	0.4975330025837543	-0.4975330025838696	0.4974958492195389	-0.4974958492195399	0.497508091912936	-0.49750809191293593	0.4975080918055046	-0.49750809180550454	0.49750823750889783	-0.4975082375088978	0.4974958344265842	-0.4974958344264676	0.4974956869816272	-0.4974955448828557	0.49749547117929555	-0.4974954711791776	0.4971895249428781	-0.49718966704188405
0.4605862923346248	-0.46058619712030785	0.4998718980946035	-0.49987189809463156	0.49987125971613794	-0.4998712597161098	0.4604138051707526	-0.4604138997155208	0.4972962025265294	-0.49729620252655765	0.4900094729286034	-0.4900094729286034	0.490034261881961	-0.4900342618819301	0.49997509261485784	-0.4975534407966823	0.48755034153265064	-0.48749315454656433	0.49744121658981744	-0.49992005606363066
0.4975067628694876	-0.49750676286948753	0.499998430380755	0.4999737409297041	-0.4999721810133817	-0.4999982093870054	0.4975069982828669	-0.4974771136928783	0.4975992569147725	-0.458330967877337	0.4606818300461295	0.49731703024572477	-0.4960527266946168	0.49605272554112123	-0.4972834966523762	-0.48982056191399653	0.4873624222520959	-0.4975571773614537	0.49751538771110626	-0.49751538771122944
0.4999937528571448	-0.49996176710449886	0.49996176710449913	-0.49996175113617475	0.4999679982690083	-0.4972814336648716	0.49728143366490063	-0.48999646745677844	0.4899964674567786	0.49995027596915353	-0.4999502800700439	-0.4776404285048282	0.47764042850479843	-0.4975073039794106	0.4950155477013722	-0.4974834566370354	0.4974957788739306	-0.48765758632621603	0.49007751618734513	-0.4999404917090732
0.4988255221419144	-0.48931046568090664	0.4295403346844289	-0.4390467469260256	0.4971581559650238	-0.4971581559651347	0.4777208086911685	-0.477720808691055	0.4774268808172033	-0.4774354505918173	0.4974360329121723	-0.49743603291228916	-0.03957135236663186	0.03957109009372335	0.03793044103743507	-0.03793044103751884	-0.2589482077568886	0.2589483961096314	0.2589492248021318	-0.2589492253265635
0.4999998430637309	-0.4999747780741834	0.49997477807421165	-0.4999998430637583	-0.4999998430634974	0.4999998398370777	0.4999937600605581	-0.49996889344862927	0.4999688934486294	-0.49996898681828267	0.4999690223888465	-0.49996825921459265	0.49996825921459254	-0.48995102550742553	0.4899565437474341	-0.4899055324388823	0.4899055324389093	-0.48988114186672893	0.4898811418666073	-0.4999993106446175
0.49749957769236536	-0.4974995752507198	0.49750106475923156	-0.4975010647592389	-0.49063994137114625	0.49063994137114797	0.49754583281682524	-0.4874217605846462	0.48991530169895736	0.4999340694631275	-0.49997344583590403	-0.499973445835891	0.4974804061774073	-0.49750689957170613	0.49752595599069455	-0.4975259559908702	0.49751561505021225	-0.49751561505021114	0.497503753001622	-0.497503813771258
0.4999964658577958	0.49999646470710274	-0.49999646470708753	-0.4974887663729841	0.49746754631538814	-0.4999691986287777	0.49996968242214423	-0.4999696824221451	0.4599863010934618	-0.4599923331591934	0.4999736551716884	-0.4999736551717164	0.49997293384736724	-0.4999729338473384	0.4999851418450496	-0.49998507956510146	0.0037283253062082946	-0.0037283253062550597	-0.004274940585131005	0.004274863199523626
0.4901593819802119	-0.4867623855834768	0.49410589926514026	-0.49733084973289465	0.4972862851346021	-0.4972862851338522	0.4973064756546934	-0.49747852158427197	0.49751525268951796	-0.49751525268966945	0.49750858851973334	-0.49750858851973384	0.4975084349623681	-0.497508434962368	0.4974835061853641	-0.49748350618536413	0.4768254076255601	-0.47682540762556014	0.49746267474851263	-0.4974626747485127
0.5	0.4999999999999717	-0.4779562727404503	0.4779562727285813	-0.49999999998811245	-0.49999999998845224	0.49997488679331	-0.4999748867933111	0.4899345374683421	-0.4899345374683413	0.490130572373715	-0.49013057237368446	0.49010629853997145	-0.48769174746535604	0.48764341648641685	-0.49005796757257164	0.4999756434725342	-0.499975643472563	0.4603410148457936	-0.4603410148457936
0.49750663752558	-0.4974820162585483	0.49747185907494074	-0.4972683499504317	0.47716004062182843	-0.47716004062168127	0.4773819621515099	-0.46779491013364205	0.4876093211068108	-0.48750666944109466	0.4876028817786271	-0.49751842938117175	0.499997695170513	0.49997156950502586	-0.49997158682839093	-0.4999983915966599	0.4975067183738455	-0.4975082910970604	-0.4975036239763304	0.49750362397633036
0.4766840079370089	-0.47668400793698107	0.46060973662650523	-0.4288790723070116	0.429106747969534	-0.46083739742937413	0.49999266631471606	-0.49999266631474426	0.4996056779470658	-0.49960567794703703	0.49990008259116603	-0.4974705248098075	0.45824607429629993	-0.4582574461690245	0.4876363069195062	-0.4876365712024881	0.45813577133551053	-0.45826091741931346	0.45736656025183775	-0.45965935065336927
0.49005905233601205	-0.48730526491515175	0.48742793005213353	-0.4685329124127537	0.4758780146152988	-0.4974249321162029	0.49737608948997697	-0.49737608948997786	0.4974064674190184	-0.49750820312198724	0.49752003350620877	-0.4975200335063285	0.49754597086704533	-0.4871207956772395	0.4871206012702661	-0.4975458637348617	0.49751468592364545	-0.49751468592353004	0.4975103655377978	-0.49751043011936985
0.497495947525361	-0.4974959475253567	0.49748088835868437	-0.4974808883584735	0.4975283761554981	-0.47633510930508904	0.47635328908346425	-0.4975453413323887	0.4974956902315107	-0.4974956902316134	0.49748143665248284	-0.49748143665247846	0.499998785398395	0.4999987853979443	-0.499899175904118	-0.47485690815617126	0.47232157720066487	-0.4879584186146911	0.48791039498091476	-0.4975162549045398
0.49750673123460937	-0.4975067312346091	0.49750833236232894	-0.49748389712525537	0.49748389646598323	-0.4975083317030565	0.49749577495206276	-0.49749577495206293	0.49749576588231786	-0.4974957658823178	0.4975082078026858	-0.497508207802686	0.497489674736649	-0.4974896747363856	0.49004942505988264	-0.4676647906780791	0.4751002551735349	-0.49745883775485045	0.4974166836127576	-0.49744273541350914
0.49758813717979455	-0.48762296392389226	0.4900287540023054	-0.4601723184293751	0.4601723184293747	-0.49951043659716715	0.49951002515119397	-0.48954517628725286	0.4895451762872517	-0.4973447510577512	0.4948249320905765	-0.4874285452770005	0.4874761868495934	-0.4973858652275003	0.4973715834288441	-0.49750861347676656	-0.4999923325040255	0.4999938893617956	0.49999388936179706	-0.49999388936179634
0.4975192849821533	-0.4949100469504482	0.4949117340192431	-0.49494212279198563	0.49492960446676026	-0.4950410310599209	0.4951230717578914	-0.4574284621468214	0.4574224725653214	-0.49758450484215916	0.4975021815038119	-0.49750218150384046	-0.4975083066491883	0.4975083066491883	0.49750217263273216	-0.49750217263270335	0.4974838624647607	-0.4974838624645375	0.4891567784602204	-0.489156778460478
0.43411838562933003	-0.431855577011334	0.4873000571101661	-0.48730005711251406	0.49753837580868754	-0.4773086620888378	0.47748280714104624	-0.4975839477455314	0.49512251052070133	-0.4974497047819931	0.49743432177499713	-0.4974343217747707	0.4974414849835022	-0.4948408718716301	0.49487025717850724	-0.4941096363287346	0.4940847274505683	-0.4975101488821325	0.49749161414558907	-0.49749161414561704
0.48991311453415237	-0.4874526314321739	0.49753951689798875	-0.4975019350553828	0.4975019350554131	-0.49748964191908496	0.4974896419190849	-0.49748975033326004	0.49748975033326	-0.49750205720446244	0.4975020572044626	-0.497508199435062	0.49750819943503294	-0.4999999998987324	-0.4999999813654782	0.49999998126424144	0.4999999812642711	-0.4975205509402998	0.4975205509402675	-0.4999999812642389
0.49999999991137517	-0.4777699069228592	0.4777699069231326	0.49761897360999163	-0.4976189736099917	-0.4975086414710082	0.4975024472724693	-0.4972651769076037	0.4972651769076036	-0.49978468176320695	-0.49730022581883815	0.49729866832671193	0.49729815085729107	-0.4975072787978884	-0.4999983761700217	0.4999999376528425	0.49999993765287126	-0.4973583824348435	0.49735838243481445	-0.4999999376528423
0.4975068284540849	-0.4974066600873494	0.4998998316332357	-0.490071800879687	0.49007180087971614	-0.48937891917236553	0.48937891917236565	-0.48929078747827975	0.48929078747827975	-0.4770071362749081	0.47700713627490804	-0.49638338060425785	0.4963833806042579	-0.4900589703057468	0.4900319906590792	-0.4604715714031525	0.46047157140323525	-0.4967177006239849	0.4746771815231267	-0.47793250125255765
0.4975059469058778	-0.4975059469058441	0.4975075127624202	-0.4975075127624539	-0.4975070027787959	0.4975070027787959	0.49751456236662456	-0.4975145623666245	0.49750867930786064	-0.4975086793078607	0.49750872460175466	-0.4975087246017545	0.49752012855306393	-0.4975201285530302	0.49751468558589385	-0.49751468558592465	0.4975099639953228	-0.4975099639953255	0.4975044746773516	-0.4975044746773516
0.005324139310065041	-0.005324139310065013	-0.00514250104356654	0.0051425010435665955	0.49559284036817347	-0.49559284036817347	-0.4958853514123749	0.49341411540323105	-0.4934138793517795	0.49588513818858665	0.47791505018428426	-0.477915050184261	0.4901231221006468	-0.4898984602734577	0.48990785601754366	-0.48071708064414986	0.48067635749368604	-0.4900918175219264	0.4975327842792989	-0.49753278427932784
0.4999748864636808	-0.4974582871252582	0.4974582871253489	-0.4974710826832473	0.49491911350744483	-0.4873813361002039	0.48995831318769323	-0.49999989437545816	-0.49999989437572356	0.49999989437572345	0.4999998943757271	-0.49753013456743833	0.49753013456740985	-0.49748974022585896	0.49748334450528037	-0.4974892589948981	0.49748925899489943	-0.4999795233866507	-0.49750621385082905	0.49749223858235886
-7.570139748447332e-6	7.570140716829562e-6	7.570707180475175e-6	0.001244452700105925	0.49874258594870235	-0.4975405468247346	0.48720351662106626	-0.48720329839122223	0.497515436789621	-0.49747794836581694	0.49750821486658486	-0.49999998405245477	-0.4999999840523386	0.4999999494471553	0.49994483136523243	0.4974835051817769	-0.49742833807987846	-0.49750819181042244	0.49750819181042294	-0.4999999638619489
0.4974946467492771	-0.4974946467492499	0.49749467788228585	-0.49749471141646	-0.49750673248749394	0.4975067660216473	0.49748947293572315	-0.4974894729357232	0.4999999999999938	0.49999999999999384	-0.4999999999999936	-0.4999999999999938	-0.49750663324955985	0.4974834418539021	0.4901023481184184	-0.49007127275901086	0.4972714846958115	-0.4972714846958184	0.49727374736322016	-0.4972816313269691
-0.49999727404629335	0.49999794888352067	0.4999979490060684	0.49739153947490555	-0.4973901633186471	-0.49750853620898267	0.49750853620898267	-0.47765193155597163	0.47765193155597047	-0.4970953537443442	0.49709535374431474	-0.477780088215622	0.4679628001040127	-0.4876056718805276	0.49493134205052636	-0.4950535776056774	0.49506608207628644	-0.4948795689168628	0.49487493979625413	-0.4975162574079138
0.4999999395442182	-0.47830006152947196	0.4783000615295874	-0.49734761827183377	0.4973476182718063	-0.47703522406519266	0.4746319031390233	-0.494243483265953	0.49664651590186104	-0.4778279524847659	0.4778279524765779	-0.49999965250025485	-0.4999998824893617	0.49999988374377435	0.4999998837443849	-0.49725086017622877	0.49725086017623027	-0.4780327414967803	0.478032741496751	-0.49999988374437127
0.45902667984975454	-0.45902667981395595	0.48995714082801045	-0.4899571408280375	0.49996857911445625	-0.4999685791144563	0.4900500233658224	-0.49005002336579334	0.4999696573650632	-0.4999696390042854	0.4975449034692646	-0.4975449034692933	0.49006738112467735	-0.49006738112464243	0.4901286817570029	-0.48996271460885293	0.4998104082923255	-0.4998104082923251	0.4971467064381722	-0.49731269198290634
0.49745072774234483	-0.49745072774234467	0.4974969495358518	-0.4974969495358514	0.4974957546689183	-0.4974957546688017	0.49751196933530567	-0.4975119693117791	0.4975243570353867	-0.4975243570356657	-0.4975083052546687	0.49750830525466866	0.49750827938879194	-0.4975082787892927	0.49750825172778546	-0.4975082517277855	0.4975082903467313	-0.4974836731609054	0.4974790229672294	-0.497503640775919
0.49999999999997086	-0.49757699380449333	0.4975769938045223	-0.49994910715114765	0.4999491071511477	-0.4999492099957313	0.4999492099957312	-0.497954767080853	0.4979547670808532	-0.4999999999999999	-0.49999999999999983	0.49999999999999983	0.499999999999971	-0.4900089285776049	0.49000272046146087	-0.49996887637228726	0.499968876372287	-0.4999690036062782	0.4974788715802299	-0.4975036598577785
0.49999999999996897	-0.49007846295790813	0.4900784629579384	-0.49007715630335075	0.49007715630335147	-0.48993344826086477	0.48993344826086477	-0.4599285962220676	0.45992859622206755	-0.49997538887269377	0.4999753888726649	-0.4999753962665982	0.4974961258899269	-0.4876038363729592	0.487489126384464	-0.4874893202901409	0.4876556870638511	-0.4876556165866509	0.4900567723431546	-0.49997354216501894
0.4974693646234143	-0.4875767629562716	0.49010050461060395	-0.49996830660540703	0.49996830660540686	-0.49000167863746924	0.4900085723183529	-0.49997522758430246	0.49997522758433155	-0.4900090436323503	0.49000904363235026	-0.499975422682464	0.49997542268243506	-0.49005796186806644	0.4875787565906645	-0.49749622152334916	0.499969038697803	-0.4900773908775029	0.49007739087750185	-0.4999936118556807
0.49997524602768173	-0.4976283535016468	0.49762835350173334	-0.49995024329673576	0.4974834494349056	-0.49748379479422106	0.4999508073108315	-0.48994896849998326	0.48994896849989844	-0.48999818215364277	0.48754371298032345	-0.4974962542139507	0.49748358311373303	-0.4974840293702858	0.49995040124131884	-0.48999365627669406	0.48999365627660574	-0.47803256622429063	0.4389363065886997	-0.4608784366442798
0.48702976394662034	-0.48579043512137005	-0.0010286256303528292	-0.00021007573974271782	-0.00021007559742582945	0.0014617462311291819	0.49874763928203425	-0.49752559539580754	0.49752559539592967	-0.4975074146313388	0.4975074146313093	-0.4901779875001144	0.4680301217189348	-0.4778274781481991	0.49740250073385145	-0.4949294436999949	0.4974948312343758	-0.4974884891059202	0.49748848910591953	-0.499992481709838
0.49999992267966037	-0.4975193297662531	0.49751932976637336	-0.49741674979031947	0.4974167497901969	-0.4974053747569012	0.497405311733815	-0.49959088349189185	0.49959088349201786	-0.3809750778280103	0.38097507782802587	-0.47799869843299	0.47799869843287446	-0.4975328344699781	0.49743255694885846	-0.4974084442200245	0.4974084442200248	-0.4995033457568855	0.48967588650947313	-0.49007212288806595
0.49750206870676406	-0.49750206870676206	0.47709187260023683	-0.47709187259950914	0.4771893659027184	-0.4771893658601857	0.4974224732361318	-0.49742247323613215	0.4777792499284699	-0.4777792499284697	0.4975571306414012	-0.49755713064137186	0.49997511222303803	0.49010776088730856	-0.49010783728393675	-0.49997503586958436	0.49749567695732905	-0.49749567695744595	-0.49749742655154705	0.49749742655154716
0.49993943776985755	-0.4899220572163886	0.48992205721662063	-0.48987473473950444	0.4898810056786278	-0.48979329413391737	0.4897932941341486	-0.49980934355003165	0.4998636196327316	-0.48978188410862883	0.4897818841086569	-0.4999999847921724	-0.4999999847921433	0.49999842394810184	0.4975083456569601	-0.49748199558781714	0.4974835807437433	-0.497483950599096	0.49747924791267534	-0.4975036672824245
0.49999215449034334	-0.49997974558305647	-0.49009223317807105	0.4900937794839476	0.4999860412385149	-0.49749599925841154	0.4974959992584103	-0.4775458697409204	0.47754586974080904	-0.4770172337056421	0.47701723625149584	-0.4974673659046392	0.4974673659054078	-0.4974983464402428	0.497498346440243	-0.49749269251097333	0.4974926925109711	-0.4393182318480627	0.43931823184732427	-0.4999999989974473
0.4899977606888343	-0.43667076934568966	0.43658657727907807	-0.48989319887885824	0.47750864046285035	-0.4775086404623893	0.4974643911137776	-0.49748381650820284	0.4975072960312795	-0.49750729603127974	0.4975072953498594	-0.49750729534985927	0.4975073723394642	-0.4974835426285154	0.4974959722282295	-0.48760318858156576	0.4876031144207354	-0.4975206721277476	0.497503596368403	-0.4975035963684032
0.4975189985470441	-0.4950738793637417	0.4975686240241738	0.4999861152018194	-0.4999998584092954	-0.499999858409325	0.4975206778173367	-0.48757933324498076	0.4875852223225569	-0.49752670847546693	0.4975142373007527	-0.4975142373007824	0.49750824645289066	-0.49750824645289055	0.4975141911633277	-0.4975141911733873	0.49750811454744587	-0.497508114547477	0.49749750513340835	-0.4974975051334084
0.4999863349636558	-0.4999860895973385	0.4899262463357593	-0.48992624633578863	0.489933841679827	-0.4899338416797977	0.497514183240507	-0.48758928422981757	0.49008708715448374	0.4973825916427483	-0.49739498900059936	-0.4975247894573022	0.4950333852451053	-0.49492170708661204	0.48737420582138374	-0.48986165447986457	0.49987546982913084	-0.4998754698293639	0.4998945022410524	-0.49999377645716886
0.49753884098417794	-0.48768886912390874	0.4876904238210595	-0.4975403952901563	0.497492477279415	-0.49749247727941526	0.43829229041838513	-0.43829229041838635	0.4999999996088289	0.4999999996088287	-0.4999984380866265	-0.4999999932072687	0.49748840448600495	-0.49733697820543704	0.49730315793261237	-0.49730315793284985	0.4997715001963399	0.49992347827818956	-0.4999239863043634	-0.4999239867654291
0.49955682600540063	-0.49955682600537193	0.4895863413041745	-0.4895320470693572	0.45807524925383464	-0.4580752492538346	0.4897631608150017	-0.48981743993988675	0.48918766563663885	-0.4891876656366674	0.4999746588120758	-0.4999746588120471	0.4900580099237235	-0.48764002341737034	0.4876646470507231	-0.4876033815575903	0.4974961717552508	-0.4974837705284753	0.4975021532931039	-0.499993821629327
0.4975071433720069	-0.4974794036667037	0.4974794227261064	-0.49748365569351666	-0.49003329698707593	0.49001109804838255	0.49028476946621047	-0.47856174649593275	0.48581851315595337	-0.4969452154905956	0.4969283398663391	-0.4825109551569431	0.4825494097310894	-0.49492655912197303	0.4948860773378175	-0.494886077338731	0.4948471994102514	-0.4968680981737636	0.49688093160671737	-0.49749789659563903
-0.49747035265443623	0.4974703614995526	0.49748454196560715	-0.49486002072354346	0.49489832160327263	-0.4754911696126334	0.47550601145309473	-0.49753117902186983	0.49750043520708626	-0.4975004352070841	0.49750668198662157	-0.49493962043766987	0.4974026340580114	-0.49997621011596904	0.49997625458304684	-0.4999762545830871	0.4899340702491994	-0.4899340702491994	0.4999994985017468	-0.49999949850174685
0.4777936137773454	-0.477793613777345	0.49997524145153366	-0.4999752414515047	0.4999983942612333	-0.49998601204253335	-0.49009346242647517	0.49008108307503456	0.4901717560874206	-0.49017175608741526	0.4900275860137128	-0.4900275860132489	0.49011757633881625	-0.47896089290319016	0.44919866800691194	-0.4581061095520786	0.4976671139436801	-0.49991635870185136	0.4899997540826077	-0.48999975408265395
0.49999353194293855	-0.49999353194293844	0.49989308624346934	-0.49989308624344037	0.49750925606325014	-0.49748438121866895	0.4775974210829446	-0.4775974210828579	0.49736130596204203	-0.4874707678542444	0.4874866952338306	-0.49492318278331043	0.49488650067656126	-0.497359218211008	0.49989318564535173	-0.4998931856453516	0.4998912427698043	-0.4974067730223611	0.4973082404824272	-0.4997989180984387
0.4999996879737296	-0.48998378013133503	0.48998378013107363	-0.4971054830829571	0.49710579472637195	-0.4974770895936323	0.49747708959389525	-0.4974893476857943	0.4974893476857949	-0.4975079698806527	0.4975079698806223	-0.49750815560996375	0.4975078925621329	-0.4974831643771113	0.4974831643771392	-0.49746839963478756	0.4974683996347575	-0.4974872610168805	0.49493126681777244	-0.49744374237017486
