0.49747935958727213	-0.4974793595871585	0.4974585258874822	-0.4965417296271265	0.49530979454592994	-0.49530979454613683	0.49658837100005976	-0.49478762103418383	0.49480991798192914	-0.49752744226843676	0.49999997806036967	0.49999997806039886	-0.49999997806039886	-0.49999997806037033	0.4975267196014921	-0.49752674154099635	0.49752663789077484	-0.4975266378908997	0.49750981984928966	-0.4975098198492898
0.4974847175699596	-0.49499695196740023	0.4950808133223663	-0.4710041604130902	0.47101750105833146	-0.4975812363952195	0.4974680524974349	-0.49746805249747666	0.4899302311648533	-0.4899302311648172	0.490248224451122	-0.48686811138754343	0.4868057688625519	-0.48693882647689835	0.47422200189814007	-0.4769274116487485	0.49679713671097997	-0.4967971367109636	0.4968094959695982	-0.4973518248431807
0.4999913405801452	-0.49999134057940914	0.497551406496855	-0.47548041645884936	0.47552130303834084	-0.4950383129333739	0.49496281170740775	-0.4974348670475957	0.49740405820413874	-0.4974040582039081	0.4899766923356487	-0.47764996577113616	0.47797056378075625	-0.4688653621161666	0.47595446068170116	-0.49166984096453803	0.4917477479233679	-0.4411356475279108	0.38393828571197497	-0.44034885885744857
0.4777161668966753	-0.4777161668966467	0.49996981990969014	-0.49748681546083806	0.4884501382451608	-0.3750561689401192	0.38411383072155236	-0.005919058945841074	0.005928249606220384	0.005920457838676749	-0.010850239111382345	-0.4950639880775376	0.4999671369178133	-0.4999671369178133	0.49996761309942134	-0.49749471529270956	0.48755366799221334	-0.4900327915845077	0.4999754005121	-0.49997540051212885
0.4901610573227427	-0.480231519371375	0.49006417404686625	-0.49731461200177973	0.4973146120017798	-0.4972058621965935	0.49474572909402104	-0.4876425983994244	0.48026331536128175	-0.48026342808243877	0.4901091321737759	-0.4999632055875092	0.49996320558753804	-0.4997367357482042	0.4997367357482042	-0.45921967126334007	0.45921967126333935	-0.4975083856885209	0.497508385688491	-0.49999999994885475
0.499993669881075	-0.4999134488703823	0.4999134488703823	-0.49993677814420934	0.49987124088927	0.46183936625909405	-0.46176749903207276	-0.4776891794824493	0.47768917948245215	-0.4972625136626312	0.49726251366263047	-0.48988426581613936	0.48988426581587724	-0.4999999997177264	-0.49999968881136553	0.4999996886761949	0.49999968867622396	-0.49997486157440874	0.4999748615743798	-0.49999968867619515
0.49999981129414284	-0.49711287646524677	0.49711287646527563	-0.4999705359399244	-0.4999705359399247	0.49997055489194137	0.49997055489192804	-0.010488345619572438	0.010488496279627882	0.01025506582591069	-0.01025506582591161	-0.43904404367256794	0.43904404367254013	-0.47790599795646643	0.47784685769070967	-0.43862617620746436	0.4386261762072209	-0.44199243043905695	0.3566503153247084	-0.4145987444778706
0.49999998493865516	-0.4999704076719385	0.4999704076719674	-0.4892764551235072	0.4892764551234792	-0.4893386918684016	0.4870620394682275	-0.4130845492402077	0.41311488660745643	-0.45886235961486166	0.4587217134588547	-0.47567531597225504	0.47803662884638914	-0.4773387094685144	0.4748870386055272	-0.49502921095412805	0.49500527060489846	-0.4940157393564919	0.48666534721956184	-0.49014833327471086
0.4975191853409008	-0.4948688258260113	0.4973434868363236	-0.49734407564951927	0.497344075649519	-0.49800824522213966	0.49799112145396807	-0.49957788158430694	0.4971051368818025	-0.4949164995871406	0.49491618722026703	-0.4942263309765953	0.49426429644680125	-0.4752760099997564	0.47531117208138146	-0.4758046079831135	0.4782277790481588	-0.4973794077149538	0.4973794077149534	-0.49999996413053915
0.4975058152855186	-0.4950270789336068	0.49483482225532266	-0.49483468273526804	0.4974967101946381	-0.49748387792686255	0.4975082918583613	-0.49749584264801733	0.4974958426480175	-0.4974958120522296	0.49749581205222954	-0.497508244399792	0.4974835963235283	-0.4974712524927108	0.497493537626544	-0.4995934333761118	0.4995934333762257	-0.4975123261072297	0.4975123261069564	-0.4999976370555141
0.4975369145916449	-0.48747150728944433	0.487472661842381	-0.4975343564621218	0.4899645144667722	-0.48996451446653383	0.47688570976073524	-0.476887314013463	0.4898112860324358	-0.48981128603290314	0.4974889858180508	-0.4974889858180063	0.49903867104505534	0.11972588205314547	-0.11876666152819214	-0.11876666170431018	0.11727818740531369	-0.47655209837387547	0.47558186821712717	-0.4975412955438121
0.49999999319293703	-0.497508376605115	0.49750837660514435	-0.4974958747517275	0.49749587475172774	-0.4974896869191252	0.4974896869190919	-0.49753325065126586	0.4753319116397185	-0.4753379586195154	0.49753816241446747	-0.4999988579763388	-0.49999885797636523	0.4999966877202364	0.4970475882259484	-0.4945381909400481	0.49651185067481024	-0.4965385293545691	0.49653852935435006	-0.49901907770436243
0.4975044080719933	-0.49747960709793493	0.49748114066033705	-0.4975059401931724	0.4974936399839806	-0.49749363998397933	0.4783537024061118	-0.47835370240599673	0.4974960330741367	-0.49749603446788376	0.49752046453399895	-0.4975204645339988	0.49752651724232366	-0.4975265172422931	0.49751279053487407	-0.49751278586390435	-0.4975051879688933	0.49750518128697596	0.4975020471085061	-0.49750204514518065
0.4974701214795585	-0.4974382535415682	0.4999681157407453	-0.48997867498392345	0.4899786749839528	-0.4999681378854608	0.4999681378854318	-0.4999688111411733	0.4975154730604946	-0.47487322132029447	0.4772256857777799	-0.48980014518351395	0.4898001451839526	-0.49989760761758695	-0.4974943395366482	0.49749443723735676	0.4999827959376676	0.49745118522461346	-0.49745121118540714	-0.49998437011597713
0.4998957619779686	-0.4994951461373037	0.4994951461373039	-0.4973918880299278	0.49747094395047586	-0.4974707095774107	0.49749589119615834	-0.4974886643918688	0.49748866439198547	-0.4974828136480328	0.497482813647773	-0.4600174578604524	0.4600174583432172	-0.49747069292352625	0.4974706929236406	-0.4974703258335272	0.49747032583352724	-0.4974958670553721	0.4974958670553719	-0.4999999999999998
0.499993831768996	-0.49750211206797856	0.49750828029898087	-0.49752036380634107	0.4975203638063412	-0.49750802439594344	0.49750802439594344	-0.4974958202132949	0.4974958202132949	-0.49750828369555683	0.49748363449917204	-0.4974712345605599	0.4974947042169622	-0.49749463705918	0.4974946370592953	-0.4975071645915807	0.4974824610643549	-0.4974966425880651	0.48667974785228896	-0.4891572221971286
0.4773666003705359	-0.474986863452269	0.487340754000333	-0.487303510319777	0.47544278657452704	-0.4753989295788422	0.49507594689330403	-0.49503912537146055	0.49492430022767336	-0.4949364380040428	0.4975144786238854	-0.49752040405925774	0.4975204040592884	-0.49750826145332466	0.4975082614533246	-0.49749606415690706	0.4974960641568786	-0.4975385609146314	0.475760595110338	-0.47822203415957587
0.4999999838476404	0.4999741669921042	-0.4999741508397443	-0.4999741508396536	0.4999741508282152	0.4999741497077169	-0.4999741496962787	-0.4999741496962786	0.49000819885369196	-0.4900330599182364	0.49732015608813834	-0.49732015608816627	0.48997548362738425	-0.4899754836272728	0.4900232906974513	-0.49002427993668285	0.49997531822899527	-0.4999753182290241	0.49999375563022613	-0.4999937556302262
0.49724759769403803	-0.49476918192603453	0.4948284371878391	-0.4948280714582679	0.4974720096730348	-0.4999507755858692	0.4899833518610281	-0.48998335186105707	0.49996890939490424	-0.4999689093948751	0.49996875963091464	-0.4974771678026217	0.4974835589694982	-0.49997514949807587	0.490030680148957	-0.4900306801489861	0.4900321969821924	-0.4900321969821647	0.4900220696427289	-0.49002208652718326
0.4999987300918425	-0.4974949260819742	0.4974949260819972	-0.48878825097840184	0.488788250978142	-0.497435289361669	0.4948468949455279	-0.49484804768742635	0.49692406615314166	-0.487899441476067	0.48789944147606423	-0.49948566956202217	-0.49753137882899356	0.49751844321492195	0.4901652477442099	-0.48771177596294985	0.4870494268351463	-0.4870374085974279	0.4974442606711016	-0.4998974996551637
0.4768157398572797	-0.47440303218946583	0.48570755344665306	-0.4857010606076511	0.4857010606032813	-0.4857168462419431	0.49759644008557624	-0.49749651579669624	0.49749651579836723	-0.497473364076503	0.497473364076535	-0.49751919240399856	0.49751919240372255	-0.49753066195316487	0.4975291571467784	-0.49750522549935905	0.4975052254993843	-0.48973845853531633	0.48973845853040765	-0.4999983501438877
0.4999999683465406	-0.49750838571245026	0.49750838571270917	-0.4975262159070173	0.4975262159070228	-0.4974954582623203	0.4974954582622029	-0.4958966600834258	0.4720208609811017	-0.4720210872170299	0.495896371818158	-0.4973905583316822	0.4973905583317986	-0.4974152815646996	0.48762097599855614	-0.4680651940096958	0.4774484064857913	-0.4767534761805063	0.47675347617693015	-0.499588360751983
0.49999374017092657	-0.499993740170802	0.4900094339352245	-0.49000943393525376	0.4895595549179835	-0.48955955491798386	0.49987192487215254	-0.4998719248721525	0.49987151061266033	-0.49987151061263135	0.4999750368798761	-0.49991854276578934	0.4898788957782029	-0.4898788957779694	0.4896774967803596	-0.48725651987151114	0.4970698022022436	-0.49705776726355944	0.49707591508733	-0.4995654210493076
0.45931762578978164	-0.45929358262105174	0.4973932346684815	-0.4973932346683913	0.4999758858557864	0.4999942003581504	-0.49999412938275656	-0.49999412938278565	0.4973715729318842	-0.4973715729318843	0.4975153803675223	-0.49751538036749327	0.49739765544055264	-0.49492036088672303	0.4949376661649491	-0.49518469271706694	0.3836613642964892	-0.37684213758938023	0.4875065083827577	-0.4965618737088227
0.4778459762252823	-0.47540356792811445	0.49499266300623423	-0.4949558759938661	0.49743796787106787	-0.4974257765435398	0.497425356365591	-0.49742535270292193	0.49493646008612685	-0.49740131392167164	0.49751764752204547	-0.4975176475220459	0.47801216096407606	-0.4678027608844842	0.48001580621140155	-0.49024970646309096	0.4900302511605944	-0.4900302511604842	0.48997066783670457	-0.48997270412890415
0.4777823248060792	-0.4677489370521639	0.4800308355403647	-0.4899666546234129	0.4989858253629537	-0.45801182274360275	0.4580118227406061	-0.4530797040173116	0.4539962949375061	-0.49749621032927765	0.4974962103293911	-0.4975082371348615	0.49750823713486125	-0.4975082377753566	0.49750817467206226	-0.4974957679341583	0.49749576793404143	-0.4974957889993984	0.4974895281813395	-0.499993661029662
0.49024276722580445	-0.48776940266563223	0.49747340466105056	-0.49746748646179234	0.49746748646207933	-0.497473809860161	0.4949129114315371	-0.49490672343952086	0.49507330662352017	-0.4950544766618074	0.4975017148559557	-0.4900829991787565	0.4900829991787855	-0.49999879484084764	-0.49999879483738235	0.4999987948518015	0.49999879485167154	-0.49035161773033054	0.4506252114057575	-0.46027328587173255
0.4896065309784753	-0.48960653097847534	0.48966104188450804	-0.489661041884508	0.003171607896749738	-0.0031716078967496827	-0.0031747931384419766	0.003174793138487348	0.49728952894538514	-0.49470092299577195	0.49474109611523465	-0.4751406773961839	0.474649950314728	-0.496787014311031	-0.49525702842169933	0.4952050677492969	0.4952039371675069	-0.49520393716751065	0.49519925804638953	-0.4951992580463896
0.4976147488236201	-0.49759036062156736	0.4999748791879706	-0.4900159545327701	0.4900159545328025	-0.4773352757715536	0.4773352757712958	-0.4900239096165347	0.4900246209912964	-0.4901083420683764	0.4901083420684173	-0.49742369465184527	0.4974236946518165	-0.4974004871763494	0.49740050839040645	-0.46055540407716106	0.46055540407718903	0.4999757486256219	-0.499975748625622	-0.49999999997865663
0.47737957035958234	-0.47737956939378023	0.4772799972354621	-0.4772799972355765	0.4974959634932122	-0.49749596349321296	0.4975082534432801	-0.4974835609995975	0.4974711064283509	-0.497495799171817	0.49750196317895995	-0.49750196317907686	0.49752058819316336	-0.49752058819316336	0.4999999993342135	0.4999999993340973	-0.49999839968171467	-0.4999999341447518	0.4975019163138939	-0.49750358182152493
0.49745081957080134	-0.4974508195707985	0.4974525448364586	-0.494868239576704	0.49491795191888716	-0.49507122492382216	0.49507121429258855	-0.4949303936234834	0.4874443561620587	-0.48999327961898453	0.4974677669217044	-0.49746776692178346	0.4974854965957604	-0.4974500396540893	0.4974377760467243	-0.4974377760464906	0.4899011722654189	-0.48995955867424335	0.4900458712623365	-0.49004587126233917
0.4896540988374727	-0.4896540988374449	0.45932242387189204	-0.45932240890595	0.4973160309582224	-0.4973160309582503	0.4900087410524895	-0.49000874105246056	0.4999751870479875	-0.4999752020139282	0.4899344248316759	-0.4899344248317048	0.49713250018680644	-0.4971325001868069	0.48993402097249705	-0.4899340209724971	0.49003240511738466	-0.4900324051173845	0.4900206636480285	-0.49002066364802843
0.4899276291787963	-0.48992762917853366	0.49750242407690776	-0.4948789192040288	0.49485863245056994	-0.4972932136092707	0.4972652516550064	-0.4972652516599404	0.4895730458066558	-0.4895730458059416	0.49728263383334825	-0.4974715575409596	0.49750187806774593	-0.49750187806777635	-0.4975082636069034	0.4975082636069032	0.4999014878025501	0.4780052611034483	-0.47803180149384233	-0.4998749474147348
-0.49745486968890507	0.4974551632887317	0.49749322787887734	-0.4946187730372484	0.49464218977805025	-0.4960458547621139	0.49608361270369294	-0.4960836126977961	0.49852891653601866	0.4985289162608412	-0.498464573558906	-0.4600407307990473	0.4577474229274588	-0.43540042042706717	0.4353207752039603	-0.4951049136605084	0.4949233805824188	-0.49433168546760153	0.4868451164570373	-0.4900232875178933
0.41493605859162996	-0.39457513078573003	0.425100289065569	-0.42345579199379374	0.47400234146981374	-0.47273459483697566	0.4727345948370982	-0.49349900370208144	0.4972930420137974	-0.4973110543029647	0.49731145224803225	-0.4973109467491258	0.49750859575169293	-0.49749576305025633	0.49749576305025633	-0.48967566457922107	0.48967566457917566	-0.43412240103089433	0.4341224010245178	-0.4999998516005397
0.4389892708356762	-0.4389834345321523	0.4997617602140596	-0.4997617602140586	0.4895245661366507	-0.4895244692914916	0.46155139240640186	-0.46155139240640186	0.489109647583888	-0.48667529670118465	0.48699084749756544	-0.4870527802495865	0.4571688729458187	-0.45952352645185435	0.49880003863258593	-0.4988000386325005	0.46133190438313476	-0.4613556021565225	0.4998901594330319	-0.49989015943306
0.4975067335440384	-0.4975067335433967	0.49750820122831957	-0.49750820122831974	0.4975082222722643	-0.4975082222722642	0.4975082375855027	-0.4975082375718802	0.497495854286319	-0.4974958542863191	0.49740605372594077	-0.4974060537259398	0.49755090798996837	-0.49755090798985185	0.4975204996464172	-0.49752049966068174	0.4995999923764813	-0.4995999923765976	0.46047202083625727	-0.46047202083625827
0.4900578742008272	-0.48757856559656776	0.4975206913951675	-0.4974958339372174	0.49749583393721775	-0.49740658773948965	0.4974065877394895	-0.49750729220615686	0.49750729220615175	-0.497496280090152	0.4974962800896829	-0.49748484249598074	0.4974532888378188	-0.49747684054799424	0.4974769902282271	-0.4974894398443081	0.4875725420631748	-0.48757250436831745	0.49750866511765474	-0.499987858989228
0.4901237624665959	-0.49012376246659517	0.49002892869754294	-0.49002892869728243	0.49057233852024706	-0.40505720263427963	0.39316546440154493	-0.4786770534409147	0.4773645066224545	-0.4773645066227088	0.4974962307735404	-0.4974962307735263	-0.0049703707290649655	0.004966904749543472	0.004730962615332567	-0.004730962615287101	0.47764995675698974	-0.47765003762410485	0.47756468763926374	-0.47756468763929194
0.4999999848195187	-0.49997514481124145	0.49997514481127026	-0.4900331949289968	0.4900331949289678	-0.49997540962304393	0.4999691856425697	-0.49002711984493114	0.49002711984493114	-0.4999689946126945	0.4999752176575778	-0.49733635199372134	0.4973363519937503	-0.4899792509498015	0.48997925094977157	-0.49012712201933323	0.4681296475515638	-0.468183558127706	0.48766655990726326	-0.4974855111957141
0.4901009092093036	-0.46837254074503	0.4397420511541303	-0.4517922271613017	0.4903213782940245	-0.49749533832371534	0.49749533832360515	-0.49750800614398527	0.4974820263574555	-0.49749969924807613	0.49749969924815635	-0.4974875669730958	0.4975136488296949	-0.4974959685745326	0.49748952779222644	-0.4974892686596601	0.49748926865976867	-0.49748920831248383	0.4974892083123667	-0.499993232038851
0.49999384128169866	-0.497404959956265	0.4974049599562654	-0.49499119013167886	0.49499119485986515	-0.49729181120411975	0.4972918112041196	-0.4974602146656979	0.49744193970270634	-0.49803723268268096	0.49803723268259614	-0.46214375645878664	0.4621623757495178	-0.4975267392520263	0.4975267392520255	-0.49731528260672425	0.4972654210416571	-0.4772348547433088	0.4772348547430774	-0.4999443287722416
-0.4999938273410558	0.49999383122544105	0.4900809272996754	-0.4900809272996463	0.4999765730922077	-0.4974848470693586	0.49748453968626766	-0.4974846010615968	0.4974835926466563	-0.49748365403237665	0.4974831722826705	-0.49749552690971177	0.4876172266055274	-0.4897035255860573	0.4897028663921357	-0.48763854767264936	0.4949713150241483	-0.4974285872822484	0.4974503726701745	-0.4974503726702035
-0.45842223987871233	0.45842223987871233	0.45838782788629867	-0.45838782788618804	0.4772946076322203	-0.4772946070545939	0.4971737192503313	-0.49717371925033144	0.4964689359951896	-0.4964627920168284	0.4899747166704268	-0.48997471667042686	0.48871961764571864	-0.48632642432616086	0.458737549062637	-0.45866280136892806	0.485297169754985	-0.48777125532390103	0.4098952403620008	-0.4098952403624498
0.4389525495150485	-0.4294888514494184	0.4903793263129036	-0.4898496480330887	0.48984964803273184	-0.49732529007732235	0.49747551938839735	-0.4975005328321617	0.4975005328321573	-0.49751953720070174	0.49464109332903405	-0.4946754665702416	0.4742663895249404	-0.47422919437464617	0.4975233265046156	-0.49748954719860244	0.4974895471988725	-0.49750785411342113	0.49750785411339343	-0.49999986490249043
0.49997549472018393	-0.4973798708750623	0.49737987087515095	-0.46035686227742934	0.45795355150514383	-0.4952100655794197	0.4878197782324114	-0.4680322529428259	0.47397319484159667	-0.49402407944106835	0.2995061996093812	-0.30158489178424813	-0.3015848908855133	0.30207573372616003	0.4895268331865908	-0.46785773652929546	0.47779494259475214	-0.49749570624838574	0.4974957062483851	-0.4999749489765078
0.49993426068423097	-0.49731988896580326	0.497319888966049	-0.49742468983535176	0.4970827593952789	-0.4995923302444023	-0.499592330244059	0.49957995241139774	0.4902410657718779	-0.45016280355151983	0.4517402645131192	-0.32959041385901755	0.32959041385900595	-0.4296448194585681	0.4378157513768511	0.4788526702155692	-0.47885267021558064	-0.4999763446163497	0.49001292669909435	-0.49001366290182174
-0.4827934593686579	0.4827934594159008	0.4827934595480008	-0.4727002650210502	0.4727002650291508	-0.47279998957509917	0.4890767914522551	-0.49904313406999296	0.4990431340699932	-0.4891078502380524	0.49002029619878285	-0.47788055807570107	0.47788055807550506	-0.49027279618197916	0.46739443680682796	-0.4674548446418848	0.4878275355400072	-0.49745276737244676	0.49743606223964854	-0.49746033383120747
0.49749995477310816	-0.4950575924214691	0.4950592762366912	-0.4949363338939152	0.4875773029066114	-0.48496986098061595	-0.007004111965939174	0.0018438657102428364	0.0018438657102447513	0.009383341357005966	0.48875265103687093	-0.49076359643701434	0.48111305012383915	-0.477935530003489	0.47791105850177296	-0.4877879278042896	0.4876520669167706	-0.4681091414835124	0.47523117015067373	-0.4973035084335879
0.4999940115305987	-0.49999401025186324	0.4974896847651374	-0.49748968476514166	0.49749538923825304	-0.4974953892382131	0.49997457210144114	-0.49991281305358226	0.49673373728362813	-0.49673373728436987	0.496740257741634	-0.4967402577411785	0.47680136289326897	-0.4668792322361809	0.46903962980664116	-0.36423509115714187	0.3644230824534353	-0.47921151208624957	0.4773816675617035	-0.4773816675618199
0.49959718813686993	-0.47678916106319874	0.4767891610628535	-0.45980428297954307	0.4601070610052282	-0.49739672326129175	0.4973967232614057	-0.4974085786654356	0.4975085969551784	-0.4975083424418943	0.4975083424418942	-0.497508251663752	0.4975082665885753	-0.49750825139326327	0.49750825139326355	-0.4974959782141238	0.4974955926883195	-0.4777606582754334	0.4777606582755479	-0.49999961385120073
0.4995017643237355	-0.4995017643236219	0.4640016667689821	-0.4544086444702279	0.46809465592697086	-0.4775867543950402	0.4774049458450621	-0.477404945845063	0.4972968276906117	-0.4949062307634558	0.4950538743990152	-0.49505369509262703	0.49505359748818795	-0.4950537247929762	0.49493073259885756	-0.4875054667332861	0.4875329127266278	-0.48814326369754824	0.40444724146455874	-0.4137537291187617
0.49750609477747	-0.49750609477747004	0.4974955542972338	-0.4974955542971187	0.4974827407628336	-0.4974827385442102	0.49750770363240737	-0.4975077036325273	0.49752041478686454	-0.49752041478686543	0.4975834617867733	-0.45853203579300905	0.4573106234038497	0.11568059042176235	-0.11204264203799395	-0.11204264203802829	0.11049950482290441	-0.4984568627847593	0.49748745145203677	-0.49748745145215373
0.4975172438982679	-0.48760025139417285	0.4876002563387539	-0.49751880176495666	-0.49999624587852753	0.4967997086858545	-0.4967997086858835	0.49999779880066425	0.49999779880066414	-0.49633491750964437	0.49633491750953174	-0.4974180964755335	0.49493521550536324	-0.49487307433692906	0.4948728131880391	-0.49493452547724076	0.49741035766598307	-0.4777692565769507	0.4777692565770541	-0.4999904888703369
0.4393505025087677	-0.4391073159588586	0.49725946238818464	-0.4975026489380621	0.49750807471607317	-0.49750807471610214	0.4974955566753327	-0.49749555667533274	0.4975002205696182	-0.4975002205696185	0.4975188284126438	-0.49751882841264344	0.4974944970182836	-0.4974944970181695	0.4995938187091558	-0.4995938187092719	0.4974956786371557	-0.4974956786371566	0.49750339770492774	-0.4975033977049278
0.4974105667402047	-0.49741056674017553	0.497540792100495	-0.4950496543818716	0.49504809003379924	-0.49753312719774684	0.49736681147621886	-0.49736681147621925	0.47777461640312013	-0.467882798411773	0.4874475075369748	-0.4948549305654994	0.49474582773829673	-0.4972302124357971	0.49646027246071806	-0.49646027246071806	0.477949618310193	-0.4779557291301909	0.4774957243986441	-0.4774957243986724
0.4775612708056017	-0.4775612708056005	0.4973340494017581	-0.4973340494016419	0.4974959717381182	-0.49747102737354487	0.49748343245565013	-0.4974834096956984	0.49748182528885093	-0.49750679142172727	-0.4975052013769275	0.49745771646490894	0.48668022625663415	-0.4866317583148981	0.49749463666177046	-0.49749463666188554	0.4974949157678036	-0.49749491576769056	0.477180364350865	-0.4771813483723465
0.49745267034066043	-0.4974277747639533	0.49744167933685474	-0.487588304179291	0.479776550951287	-0.48962912793045454	0.49747643835171024	-0.49747643835179617	0.49748869921231864	-0.497514392967336	0.4975082522126049	-0.4975082522126051	0.4975082516394242	-0.49750825163942414	0.49750826684901356	-0.49750826684901345	0.4975082670188592	-0.49750826701885925	0.4975036022288905	-0.4975036022288907
0.4961007932850462	-0.4946633055806401	0.48813873509602196	-0.48813873509647815	0.48875588002580844	-0.43007026272520904	0.4297231477834701	0.0225653175345	-0.012411602676168003	-0.01241160267616945	0.011071247987250735	-0.498659584852582	0.49740882618199667	-0.49740882618188004	0.49737877890401394	-0.4973726487917241	0.4975381936153577	-0.497538193615358	0.48960730284482473	-0.48961346106208
0.4999999506036325	-0.49999995060363295	-0.49999995060389796	0.49998601532085746	0.49007018093694416	-0.48757699054320836	0.4974961851083346	-0.4974837164792771	0.49750827625324884	-0.4974959540346698	0.49749595403466995	-0.47743799871328807	0.4774379987132875	-0.49749605869110647	0.49749605869110625	-0.4975263941989073	0.4974642464562334	-0.4974579616018794	0.49745796160212463	-0.49993785225057175
0.49870815038653593	-0.47438642329899855	0.4743864232990003	-0.4370966085782207	0.42888495089096645	-0.48684020145296114	0.49386110441891046	-0.4949680916457286	0.49496776313454066	-0.4939580538187663	0.4963481336870621	-0.477703304091164	0.47770330409116973	-0.4149348881046866	0.41269820035224675	-0.4889354738325259	0.49104557701680424	-0.4384178131288361	0.43841781312897965	-0.4997805624543278
0.4999938894321257	-0.49999388943209594	0.49016363489387454	-0.4864504348651851	0.49380406275952937	-0.4974109500790451	0.4974023878951756	-0.49740238789517416	0.4975304464364256	-0.43681273331825127	0.4368068427047625	-0.4951747098824733	0.49505210223004414	-0.49507178012669756	0.4950846246229075	-0.4948217016106686	0.4948578679850889	-0.475906823302936	0.4647729273076741	-0.48642337575508116
0.4774631345819281	-0.4774631345818126	0.49718254284327573	-0.48724050968613236	0.4875847738460395	-0.49752679124395244	0.4975143283403243	-0.49751432834035514	0.49750807033331834	-0.49750808607900526	-0.47836461491583465	0.4783646149158333	0.4975066070845549	-0.4975066070845546	0.4975192641370684	-0.4875826445641336	0.4866902559424261	-0.496626875528726	0.4972457022393449	-0.49724570223960746
0.47755540273182673	-0.4774530801366003	0.4974051091809942	-0.4974051091809873	0.49741710700891373	-0.49751942956498635	0.49750813453404913	-0.4975081345340494	-0.49750811934273015	0.49750811930357636	0.49748418998170774	-0.4974841899817077	0.497242058541051	-0.497242058541051	0.4974958118731248	-0.4974958118731249	0.49749577123731104	-0.49749577123720057	0.4996674146972204	-0.49966741469733694
0.4974814106466857	-0.4950145715351201	0.48759050509370944	-0.48757823403606093	0.49746947207613484	-0.4974955487573178	0.48692548970344435	-0.48693796522837257	0.487588805148648	-0.4900231389900094	0.4999373549642949	-0.49993735496429487	0.4999108928482242	-0.49743827187419737	0.487495657863423	-0.48749562885140585	0.4974344969717909	-0.49991337107954714	0.49993295317446823	-0.4999329531744972
0.4978207587661485	-0.34993316638609795	0.35208099114458413	0.4065352320342953	-0.40650725381202873	-0.4065072538120289	0.4042430119474716	-0.4977321610348932	-0.49739778013548147	0.49739762132729987	0.4899968268198569	-0.48999682681985685	0.4973601089291476	-0.4973601089291187	0.49740982189097627	-0.49494358104841146	0.49479928773765774	-0.49726552861949175	0.47735988362559933	-0.47735988362562776
0.4999999999992941	0.49999999970976094	-0.4998866462647593	-0.4602975122304298	0.45776720064173665	-0.49758303957171596	0.49750791410717327	-0.4975079141071723	0.4974960366796306	-0.497389527628149	0.49739475604201083	-0.4973947560419985	0.4974194719963203	-0.48740095231320807	0.48001083261819605	-0.479879408432315	0.48635992219430607	-0.48568618359883464	0.48566864902197143	-0.49659884282181804
0.4777465340527523	-0.47774515791736816	0.4776878479124759	-0.4751420614073671	0.4946946904907957	-0.4972408798039899	0.4391305938126312	-0.43913059381265956	0.4778684277365719	-0.4754273563278574	0.4949058185135297	-0.4948689188995444	0.4949636826732349	-0.49513289344442907	0.4355937782878646	-0.43789796590112084	0.47738268185780697	-0.47738268185780486	0.4974204726730391	-0.497426018638561
0.49999193160675925	-0.4901422801618639	0.4901422801618736	-0.49996860240287655	0.4974847742254537	-0.4974838926474381	0.49997565520045045	-0.49000467099074174	0.4900046709907702	-0.4899324525020116	0.48993245250175466	-0.477247398575743	0.4744271514539627	-0.486568140080086	0.48652848831186274	-0.497069922952721	-0.4973941240071189	0.49728015105804935	0.4779262827808581	-0.47788235397119394
0.4999938182948888	-0.49757395825659145	0.4595521229957706	-0.44058145357950146	0.43951727060480594	-0.45827605446489034	0.48749970862382214	-0.4876946342317586	0.487645663420658	-0.4899991691237832	0.4999043082196659	-0.49990430821968057	-0.004817285023671436	0.004733953679954384	0.004734033116129614	-0.004730913786527811	0.497190340616226	-0.49719034061621203	0.4874388494619833	-0.48744195173128796
0.4999937385251729	-0.49751444187838173	0.4876179850711644	-0.4896937828806614	0.4897293279877221	-0.4877244701850711	0.49756710972417517	-0.4999754005296287	0.49000706011515544	-0.49000706011518697	0.4999750969197029	-0.49997509691967434	0.47777989679690136	-0.47777996262173106	0.49004065633712585	-0.49004065633712585	0.4999684750572574	-0.49996847505722847	0.4975096909581165	-0.49750969096780423
0.4379479527328567	-0.4379479527326022	0.49672630389568734	-0.47468190265358085	0.4678675146618216	-0.4899115258965563	0.4900741708511738	-0.4900741708512887	0.4898075676239663	-0.48980756762393923	0.46084713678222067	-0.4584295448142033	0.49521656427028676	-0.4976339838143722	0.47763405064103	-0.4776340506410561	0.4596210301748717	-0.4596210301747584	0.49949500577066985	-0.4994955682022266
0.4999874875710226	-0.499836695767553	0.4896992471956948	-0.4896992471950241	0.4922199512855902	-0.23659705731776254	0.2442257013534713	0.2442257012207602	-0.24674362676932862	-0.47527855587301643	0.4679572452539047	-0.48766597057306715	0.4974824359421571	-0.49747014069443635	0.497470481797217	-0.49748414779313027	0.48708418917220647	-0.4895769988086765	0.4995725329166424	-0.4995725329166713
0.49032223809211	-0.4878410549260601	0.4975171850381822	0.499964782356612	-0.499938086121806	0.499938086121835	-0.4999631505608733	-0.4999631505608444	0.4999384565007705	-0.49745949005258583	0.4875186723035328	-0.49002709647580267	0.48950808340418794	-0.4895080834041883	0.48953246816079565	-0.4870971259658372	0.4876092688432495	-0.48757280670297665	0.49750769442342885	-0.4999868904737308
0.4892969831559173	-0.48929696789476623	0.49987372505515554	-0.49987372505518407	0.4998732550013596	-0.4998732550013307	0.4898977955654941	-0.48989766792604167	0.48993404075954794	-0.48993404075981084	0.49003263377218376	-0.49003263377215533	0.4999749259352678	-0.49749607977148624	0.48761798639204607	-0.48745393969790446	0.4874889189705886	-0.4875785265333542	0.48749188061877013	-0.4900453088142964
0.4998901608675785	-0.49741156215753907	0.48743259481978096	-0.4899111816059494	0.4999753035120204	-0.49997530351204905	0.49003306244874456	-0.49003306244874434	0.49997399759893074	-0.4999739975989012	0.4900323744908384	-0.48755350824047194	0.49749654859426573	-0.49748378379487224	0.4974832880810991	-0.4999749310547016	0.4899946734425688	-0.48999467344259756	0.48997065024347963	-0.48997065024347974
0.43864837269974627	-0.43864837269974566	0.44209615817053977	-0.4420961581705108	0.49997601128046637	-0.4974542259123845	0.48756115458781124	-0.48760368964124556	0.49749508537756054	-0.4974827499722222	0.4974826939711037	-0.49748267920333017	0.49748337311938207	-0.4974821305175358	0.4975087284969196	0.4999984284129887	-0.49999999999954625	-0.49999999999999306	0.4899714367450094	-0.4899714367450139
0.490178737079935	-0.49017873707990517	0.49751515162026244	-0.4947997949451074	0.494812107000253	-0.4975273096037919	0.497520356998974	-0.49752035699900443	0.49753231077273175	-0.4975323107724504	0.49756332599499586	-0.47525195757895117	0.4776856708961147	-0.4994665370505603	0.4969214217915568	-0.49692142179155246	0.49691576885317434	-0.49744642518619037	0.49745863939593954	-0.4974586393964233
0.47755006078454854	-0.4775500607844325	0.4964363764246599	-0.4964283822621533	0.2696940389973071	-0.2696940389973969	-0.11086874175250627	0.11085795098067985	0.10867415508782871	-0.10645248991321328	0.1072032012251511	-0.10802615776079212	0.4577633168761765	-0.4567894936600415	0.49725339212122416	-0.4995667163889846	0.4894551541879348	-0.48945515418793567	0.45988270343226834	-0.4599391144103226
0.48997242337961516	-0.48991474444447053	0.4898173264344241	-0.4898173264341887	0.4973381690660879	-0.4973958274824511	0.49741417417076883	-0.49741417417079575	0.4999761196383111	-0.49959253656435393	0.497125320135633	-0.4950352657508285	0.4950346968975728	-0.4950360834789386	0.4950366445761981	-0.4971199089795491	0.4970576462308974	-0.486892983422525	0.48688774748141195	-0.4974414172828188
0.48960439174530374	-0.48959713488229284	0.48962525673308516	-0.4896252567332016	0.46134865208072406	-0.4395863489351792	0.4392125976479908	-0.46097610240433823	0.49996925144467835	-0.4999692514446774	0.4999687527037252	-0.49997479190433985	0.49997508858978723	-0.4999750885898161	0.4900327745130806	-0.4900327745130507	0.4900327854302745	-0.49003280148172396	0.4999938326895468	-0.4999938326895757
0.49999948466126803	-0.4899007023572972	0.48990070235780403	-0.4899214475374287	0.4899214475373869	-0.47659911946745703	0.4765991194641446	-0.489829567577162	0.48982452171665924	-0.49006023503354385	0.49006578623386093	0.499975296531734	-0.499975296531734	-0.4999998972190386	0.4999987956267935	-0.4900531920253113	0.4900531920253353	-0.4999748581318868	0.4999748581318567	-0.4999988884059834
0.4614475459202542	-0.45181106087135653	0.4903634758619953	-0.490155125649742	0.4901551256497908	-0.4901348895665575	0.49013488956643747	-0.47775260987604884	0.47774843940641387	0.4900790798412865	-0.4900873019336328	-0.4999858534142874	0.49751852837013055	-0.4879942468313752	0.42556390405759487	-0.4256269339151297	0.4794715796254354	-0.4790567809888959	0.4891421047889999	-0.4990198700413126
0.49002996107775676	-0.4875831364255407	0.49079582388211795	-0.4907798311741504	0.49507578444005385	-0.4975386015614478	0.47761414212908265	-0.4776141421291115	0.49739756540659325	-0.49739756540659325	0.4974117187183426	-0.4874948736024427	0.4874900145514597	-0.4973823434655649	0.4778645927348847	-0.4681048570739641	0.4873117220514178	-0.497095974152865	0.49998798905955794	-0.4999879890595869
0.48975027468977456	-0.4874528089276648	0.41181105677538055	-0.41181009714466954	0.494703663524843	-0.49456111963094207	0.4870297382740785	-0.4870041637188487	0.4975334554316851	-0.4974958272945684	0.4974958272946886	-0.49752056102038733	0.4975205610203872	-0.4975259089651473	0.49752590896511284	-0.4975019816483509	0.49726880937738205	-0.4897037429735868	0.48970374297358943	-0.49976682700275593
0.3490463588020512	-0.3490463583291408	0.4973290962534803	-0.4973290962534849	-0.4973275742117841	0.4973275737559774	0.4973276085144228	-0.49730274667326646	0.49730417523821924	-0.4972273798814542	0.4974179218792557	-0.49741792187914063	0.49741814850663973	-0.49751980572177557	0.4974952836415502	-0.49749528364155027	0.4783334648997575	-0.4783334648997577	0.49767575968994754	-0.49767575968994754
0.4999998678595693	-0.4974830052237829	0.4974830052238979	-0.4973144679807883	0.49731446798054185	-0.49729697957017455	0.4971088031439085	-0.48963238331391057	0.4896323833146187	-0.4896299675724054	0.48971951970551003	-0.49729305956456954	0.497293059565298	-0.4972929852612822	0.4972929852605379	-0.47708472537455376	0.4762409266618636	-0.4769202527550678	0.4769202527550742	-0.49905744485428577
0.4999999182879888	-0.49750847086708294	0.4975084708671125	-0.49750846837820345	0.49750846837817614	-0.49753446668948864	0.4752386054396772	-0.4751875643968748	0.49732602487264443	-0.4971400331862844	0.4971400331970009	-0.49717951102035113	0.49717951102017166	-0.48980005417153444	0.48759740216805497	-0.48759595798945915	0.4898999676075482	-0.4974278180136537	0.49742781801388475	-0.49994387513932753
0.49758342988365084	-0.49509010933387304	0.497506677578329	0.497506759176018	-0.4975067573827994	-0.49750829546282743	0.49750829546282743	-0.4975082474019393	0.49750824747961375	-0.49749582768699585	0.49749582768699624	-0.49749586368270116	0.4974958636827014	-0.49751429902256394	0.49751429902253336	-0.4975266789190606	0.4876197275665916	-0.4808910314153528	0.4808442182247659	-0.4900462354559137
0.49989432840295095	-0.4609964654254398	0.46099646542530875	-0.4608239289503214	0.4522270279259082	-0.48126600372042105	0.4899624143801765	-0.49741400094327476	0.49741400094327465	-0.497527353065089	0.49504199829598233	-0.4973992484936634	0.499890764822974	-0.4999994502925782	0.4999994502926071	-0.4899399906376096	0.48993999063760874	-0.4780651191179727	0.4780651191177022	-0.49999999959812336
0.4770133659400043	-0.47679768636633973	0.47662042391348713	-0.47662042391658127	0.49975931955896885	-0.4999687672570536	0.49996910349459794	-0.49996910349459817	0.4901545552782359	-0.46924082573593684	0.46932866479929763	-0.49017263279398965	0.4899604108228969	-0.4899604108226953	0.4897741130907787	-0.48985010651082567	0.4899390370311048	-0.4899390370313507	0.4974839493807619	-0.49748394938076246
0.49015766322280446	-0.49015766322277604	0.4974182227822606	-0.49493912727733663	0.4949304550565065	-0.49740955056134295	0.4775773181694364	-0.47757731816955185	0.49739599966317116	-0.49739599966317133	0.4773650340477543	-0.4773650340477543	0.49993669339506114	-0.499936693395061	0.4900285239923697	-0.4900285239923699	0.4394473997611593	-0.4394473997611594	0.4775733560398646	-0.4775733560398646
0.49994413037545615	-0.4895008711204533	0.48950087112068935	-0.48965023654757917	0.48956805738034603	-0.3794954830390865	0.37949548303710573	-0.3526503442442583	0.3527785328087616	-0.49949914552977026	0.4994991455297674	-0.4608337102262719	0.45110784044545077	-0.45172234107367804	0.45901376809045563	-0.4975540954476713	0.49755411645803216	-0.4590327193400699	0.45156918926892786	-0.4900921879461536
0.49996853776871386	-0.49747697319528517	0.4974580466125115	-0.49745804206047445	0.49748389277682514	-0.4974717243418216	0.49739613739091615	-0.4770053720705561	0.47700537207055593	-0.4973343642861141	0.4974096727354792	-0.4974339641043512	0.4876027571642944	-0.48748738252492596	0.48744809803183275	-0.4873975086838281	0.49726057910922294	-0.4972482425419267	0.49478276424506346	-0.4975022840961323
0.4974637042114618	-0.49695077988519587	0.49693550357037325	-0.496935503570377	0.4610131213436836	-0.4020244894550378	0.4309429747644121	-0.49044439337089635	0.49997516595136654	-0.4999751659513959	0.4999746512451517	-0.4999746512448826	0.49002391460466155	-0.49002404668976646	0.4975100787406075	-0.4975100787406488	-0.4975031126702941	0.49750310421887173	0.4974984311709361	-0.49749842824303153
0.4975102742431744	-0.4975034776429636	0.4975111289456579	-0.49751112894565325	0.4975199670309026	-0.4875903360059309	0.48758438701594076	-0.49749055972704	0.4976136890749815	-0.4530657756673833	0.45307140147184305	-0.4976495458972345	0.4975143854747943	-0.49751438547482507	0.49750824338130256	-0.49750826727756686	0.49749590906896063	-0.4974959090689611	0.48978970756257123	-0.4897897075625713
0.4894304904266925	-0.48943049042669257	0.49997447397274863	-0.4999744739727196	0.49997515884728166	-0.4974955829696292	0.48779099900535666	-0.4902644654868994	0.49996907953097747	-0.4999690795309775	0.4900514395547362	-0.4877601153407359	0.4976780282855545	-0.4999747986746863	0.4900830160118274	-0.4900830160118911	0.4901076747701859	-0.48756140852897745	0.4874990050012948	-0.49004593446344685
0.4999999847173942	-0.48953311151708384	0.4895331115171125	-0.4999753443744185	0.4999753443743895	-0.4999753805456803	0.49749618810905355	-0.4875787135635091	0.4900579056977687	-0.49997540869546114	0.49997540869549	-0.4900333260854823	0.49003332608545325	-0.4999997578117668	-0.49738301932134477	0.497382432283873	0.4998387720401728	-0.46017528738716856	0.46017528738723057	-0.4998384116060223
0.49750651380962274	-0.4975048869374411	0.49998601931722947	0.4903108751628289	-0.49031161665113854	-0.49001999663635204	0.490026636243834	-0.4900017187160843	0.4900017187160854	-0.4998932533678043	0.499899709058053	-0.4999751565220594	0.49997515652208857	-0.4999999999988622	-0.49999999999886213	0.49999999999886197	0.49999999999886197	-0.4900081140581955	0.4900081140581665	-0.4999999999988331
0.4777057673157498	-0.4752640355122724	0.4948880632636068	-0.4948636605231233	0.4948365365508101	-0.49481766685232415	0.49751499507419755	-0.49751428238831563	0.49751428238834494	-0.4975142905835676	0.4975142905835678	-0.4974834993364808	0.49748349933621666	-0.4976248491106373	0.47548096067326545	-0.4753997917218251	0.49510045319732693	-0.49510072640797953	0.4752083655578397	-0.47766441150439953
0.49999968644221526	-0.47769006126343805	0.47524854520099696	-0.4948856558804878	0.4973211643542563	-0.49996226314594894	0.4999622631459489	-0.4900343984494711	0.49003922020968965	-0.49004518242601586	0.4900404734744678	-0.4999691094813092	0.49996910948130907	-0.4999690200619609	0.4999752127861638	-0.4999752022418321	0.49997520224186126	-0.49997356968389167	0.4999735696838629	-0.49999998438641763
-0.0002964498246270091	0.00030167914305325984	0.00030983757149729413	0.0052940411781072574	0.4551937746608536	-0.4452033940266346	0.4622235462012951	-0.4779443674801063	-0.49987093813377853	0.49999609828003777	0.49999609828006664	-0.420078373516573	0.42007837351654054	-0.49974294673854003	0.49733548029096075	-0.41155763408732354	0.41160220616283394	-0.49688746943744866	0.496701933461868	-0.49745149550208206
0.49003290424195356	-0.49003290424195345	0.49010993954260185	-0.49010993954254156	0.48996389053353173	-0.48977547987615105	0.49729237692663564	-0.4972923769270545	0.49731691530919575	-0.4949348585635442	0.48761077697648786	-0.46813569709698455	0.4755055988557205	-0.4975511461378665	0.4975205106272266	-0.49752051062725755	0.49750837992865055	-0.4975083799286506	0.4974975865958747	-0.4974975865958747
0.490473352116734	-0.4805820414951559	0.487620202889593	-0.49751138463287936	0.4974865253455177	-0.4974865253454018	0.4974957716079916	-0.49747192021789616	0.49748425980101113	-0.49750824003150423	0.49750840784385203	-0.49750840784385225	0.497520929308282	-0.48755410468143345	0.490031674021863	0.4900795176526179	-0.49009205392113525	-0.4999843131068958	0.49750040600344875	-0.49750205531475716
0.4999999822175047	-0.497508117924517	0.49750811792451743	-0.4974959210749646	0.4974958425349561	-0.49639202473162064	0.49639202473173716	-0.496402846419623	0.49640294480555364	0.49640413606751826	-0.4964046045356417	-0.4775146265875189	0.47751462658740285	-0.4974955244233149	0.4974959900851692	-0.4975082143769036	0.49750821437690385	-0.49752066774739045	0.4875781705302076	-0.49005750203997567
0.46072775502369917	-0.4510565268462043	0.48060436182174526	-0.48040431483298385	0.49012409602921686	-0.48992923971677976	0.48992923971631563	-0.4898633232744313	0.48984215878814363	-0.49994397346394137	0.4999439734639416	-0.49627427114694866	0.4938363467503156	-0.4948387271001671	0.49730215510464854	-0.49996822712997235	0.49996822713000044	-0.4901383709526998	0.49013837095221635	-0.49999971031611434
0.49007861747836967	-0.4900536192284704	0.4971500615800222	-0.4971500615801095	0.4970794327781566	-0.49709822662109626	0.4771943966184547	-0.4771943966184548	0.4976258418844054	-0.49516838618650055	0.4858045472546836	-0.48826811564292844	0.49000772512326146	-0.4900077251232614	0.4787308166165785	-0.4787309083330827	0.4774084252081008	-0.47740842520812904	0.487770532426338	-0.48777053242633805
0.49997453238685297	-0.47768438281920256	0.4776843828192929	-0.497477528348855	0.4974961781221991	-0.4972831309066117	0.49728313090661275	-0.4602244564862348	0.4601750943441506	-0.49950905028614684	0.4995090502861472	-0.4605741848412379	0.46063036478563246	-0.4973746518586185	0.49737465185864665	-0.49739109173578744	0.4973910917357874	-0.49753327333266884	0.49753327333263964	-0.49999999996259903
0.4999999999427966	-0.497502134164878	0.49750213416490835	-0.49724882967565004	0.49724882967565026	-0.497254973280774	0.4972549732807448	-0.4986650502337256	0.02330292303827212	-0.02461352211656997	-0.024176546057410726	0.025335233637064847	0.4988103418919969	-0.49751382069770955	0.4975138206977107	-0.4975016975727495	0.4974530476056763	-0.4974409383989039	0.49744093839890263	-0.49994473013535246
0.4974537149978121	-0.49745371499781177	0.4778544411733574	-0.4778544411732406	0.4783331293444617	-0.4398568823391149	0.43887616612766867	-0.47490944854031425	0.4952890833642371	-0.4977320329220524	0.4417000918248143	-0.4417000918248416	0.49665160466435554	-0.4966516046643266	0.4974503737836572	-0.49496025707564356	0.4943051920081075	-0.4967953237510131	0.43820999797160803	-0.4382099979717201
0.49999375681186925	-0.4897856847247939	0.4897856847247938	-0.48953456015463803	0.489540802989715	-0.4606528790134135	0.46065287901344176	-0.4607261255857302	0.46072612558573073	-0.49990168590656703	0.49990168590653844	-0.4896499408867374	0.487196124257759	-0.4975444684259724	0.4999922029090676	-0.4895219862772072	0.4895219862772076	-0.4899427266451471	0.46770689645621416	-0.47775808731213093
0.498123356953513	-0.4750108484654442	0.4750108484670071	-0.4956182947316158	0.49749127685173	-0.49750458594418484	0.4975045859441852	-0.4975045861155995	0.4975045861155992	-0.4975122570351754	0.49751550798137817	-0.4975153283714306	0.4975153283716403	-0.4974954259848034	0.49749542598468804	-0.47724941452412584	0.47720280841364876	-0.4773896961659038	0.47738969616622356	-0.49995298391133114
0.4777835065166072	-0.4679655256862758	0.4875985222722704	-0.49741650310257307	0.4973589477395373	-0.4973589477395663	0.49645094651748894	-0.49645094651748894	0.49760447138372554	-0.49760447138372543	0.4914896381075171	-0.49148963810748847	0.49943028514337584	-0.49942486263531954	0.3504338829911039	-0.3504338829911033	0.4958899797261156	-0.49341198074153053	0.4933906619958606	-0.49587408348853124
0.4767502326741969	-0.46712156294659407	0.48785532423374034	-0.4974588589836026	0.4999497776141343	-0.48989327014707246	0.4898932701469874	-0.4900682009169281	0.49009328831094795	-0.4901259867840009	0.4901259867847917	-0.4900106859923491	0.49001068599236713	-0.4999759441844323	0.4999759441844324	-0.4899079287083708	0.4899079287083402	-0.40860263869492547	0.4086026386926048	-0.49999999998426753
0.4975563866419412	-0.47553002397772415	0.47797357618936204	-0.4777434732813518	0.47774347328138017	-0.49742375814508155	0.48760635391628215	-0.4679633600863587	0.4777808254615231	-0.49760509858340407	0.49760509858343294	-0.49642652942233556	0.49642652942233534	-0.49760969921575615	0.49760969921575626	-0.4973121535930297	0.4973121535930296	-0.47462490039919103	0.4746249003990787	-0.49999999999988903
0.4998224332777362	-0.4973316986608335	0.4973122289858408	-0.49738839400396245	0.45721173542204047	-0.45962630467813415	0.49995092512215333	-0.49995092512218003	0.49005392371658124	-0.49005392371659057	0.49733593400652926	-0.4973359340065293	0.49999901107459	0.4999990110745483	-0.4999990110745479	-0.4999990110745465	0.4901413562574941	-0.49014135625739397	0.4975138075527119	-0.49751380789550803
0.4899572470559154	-0.48740419966168047	0.4874539265820985	-0.4799838952377269	0.48011055247358764	-0.4897376722301273	0.48973860751961573	-0.48974009734450547	0.4898129192500535	-0.468105505465214	0.4753497797778416	-0.49745337663283046	-0.49999795080796083	0.49999966472093305	0.4999996647208166	-0.4974955097980027	0.4974709323702498	-0.4974958583871556	0.48756607706391575	-0.49004530596982354
0.005756182475230696	-0.005756182475230691	-0.005758557514076682	0.005758557559513046	0.4893448813646632	-0.48934488136467746	0.4974135147666813	-0.4974135147666812	0.4776835760842087	-0.47527843949093357	0.49486416431961777	-0.4972693007107193	0.4973451708572791	-0.49734517085730884	0.48940603810954103	-0.48940603810951233	0.49741030618713655	-0.494918783567405	0.4950182783194254	-0.49750980118675203
0.4999995426020962	-0.4975449131579889	0.4753870957083667	-0.4778416859519557	0.4975437795578923	-0.4975437795578926	0.47744854095408584	-0.4773561815592109	0.4895309950274023	-0.48953099502780056	0.49981350074016223	-0.4998997157466476	0.4973651757742787	-0.49736517577427863	0.49738822608698935	-0.4973944096754985	0.49739993336411836	-0.49739993336411853	0.49999311244001127	-0.49999311244001127
0.47774705490108993	-0.47774083084225477	0.49999385176752353	0.4999689596347621	-0.49996903582170293	-0.4999999837965352	0.49999998379653443	-0.49748921533749674	0.4974892153374662	-0.4975447570831483	0.4753404902515815	-0.47534091310545296	0.49510201967812956	-0.4950777164968411	0.4948303294400989	-0.4949047740327839	0.4581935773930813	-0.4581814268654216	0.49724713547726507	-0.49966396429589527
0.4965641048458245	-0.49407656406608347	0.4933639672929019	-0.49341081690986177	0.4727598424445425	-0.47273896706593976	0.4975383978544684	-0.49748323067794803	0.49748323067821415	0.4975001541704014	-0.4974768732769185	-0.4900816699906912	0.4875049363019664	-0.4949439789355001	0.4974710513006005	-0.49746477977593473	0.4974647797760072	-0.4975128846435737	0.47546883472141777	-0.47792953404389366
0.49005824570491974	-0.48749262163472756	0.4949490493284792	-0.4948875218079413	0.49492445129106005	-0.4754060415813161	0.468036440187754	-0.48762005776737416	0.48752126862398537	-0.4874966145195768	0.4973894256825469	-0.497377739845371	0.4973777398453724	-0.43903310101119714	0.43886468263293793	-0.49720778088318873	0.4972077808831853	-0.4781995152331686	0.41820312629779105	-0.4398112161941714
0.4899851739400178	-0.48998517393990376	0.48993729221941273	-0.4899121670248327	0.4899725030804651	-0.4899725030805493	0.4999500237037837	-0.4975180526550947	0.4949592361335973	-0.4974162679221436	0.4999686781446956	-0.4999686781447243	0.4900149860166419	-0.49001498601661253	0.4999684905016269	-0.49986655516594186	0.48976597142687195	-0.48976597142643175	0.4899229642900574	-0.49002496408093554
0.4589550973646582	-0.45895509736394074	0.48986130358286617	-0.48986130318875576	-0.4901012278089786	0.4901012278089786	0.47776453068502583	-0.47776453068502306	0.4901923286235979	-0.49016262073111155	0.4901025715008328	-0.49010257150094433	0.49993831881021594	-0.4974893583914578	0.4947873892031063	-0.4947874918490667	0.49743836756333965	-0.49991693362331396	0.48996342397572906	-0.489963423975758
0.4900245867173411	-0.48755747759967444	0.4975328907715396	-0.4974827085190344	0.4974827085191541	-0.4974948125048269	0.497494812504828	-0.4901263232189335	0.490126323218929	-0.49997744231571956	0.4884885635602515	-0.48848743489948354	0.49957222602727436	-0.48941275096424947	0.4894127509646048	-0.497093651546975	0.4974974914276896	-0.49750818690335424	0.49750818690335374	-0.4999997521427147
0.4999994460049312	-0.4901252467403282	0.4901252467403568	-0.49012548797071853	0.49012548797068994	-0.4999974758919273	-0.4999938760777824	0.4999938337685096	0.49999383376853856	-0.49996393603783745	0.4999639360378084	-0.4999645000420424	0.49751060237067735	-0.4750843857314584	0.4772353273758479	-0.4969898028807635	0.4969898028807631	-0.48987690017681973	0.46822993351774145	-0.4780458388861871
0.4972417770008568	-0.487424723872576	0.48739832385596055	-0.49719418247237473	0.47490939826888234	-0.4749247112926232	0.47676963359456076	-0.47676963359455987	0.4971513630392248	-0.4971570172995682	0.4797975025495041	-0.4797975025495318	0.4412304919169897	-0.4412304919168847	0.45637195673509223	-0.4563721374798056	0.4762599007987793	-0.4762599007987787	0.47558703444393313	-0.4755870809270806
0.48996731574175967	-0.4899673157417596	0.4897691355342555	-0.4897691355335076	0.4898427415079078	-0.48983644556572314	0.49996236860276844	-0.49996236860276805	0.49996179093153037	-0.4999618477426028	0.4900024253067002	-0.49000242530669996	0.4999690752435107	-0.49748370515400403	0.4974837163659453	-0.49996913348802274	0.47767933921061195	-0.477679339210612	0.4975033180542172	-0.4975095101535069
